3382	0
5988	118
5989	5
5982	1
5983	3
5980	154
5981	40
5986	476
5987	44
5984	60
5985	1
6796	6
6797	148
6794	0
6795	30
6792	8
6793	0
6790	0
6791	10
6798	74
6799	19
2147	34
270	44
271	0
272	18
273	0
274	195
275	22
276	87
277	261
278	132
279	41
9258	16
9259	29
9256	12
9257	7
9254	0
9255	29
9252	0
9253	1
9250	40
9251	24
1370	30
1373	305
2142	76
3519	113
3518	11
3513	19
3512	0
3511	44
3510	571
3517	2
3516	31
3515	1
3514	125
2688	0
2689	87
2684	8
2685	8
2686	103
2687	239
2680	11
2681	10
2682	1
2683	110
1211	45
99	0
98	14
91	57
90	104
93	0
92	30
95	380
94	31
97	19
96	1
1177	22
1176	10
1175	8
1174	60
1173	151
1172	12
1171	0
1170	31
1179	1
1178	72
7188	9
7189	18
3431	681
7180	9
7181	192
7182	19
7183	39
7184	16
7185	208
7186	199
7187	2
623	416
3433	5
1226	79
3434	6
621	10
3435	571
620	12
8549	43
8548	39
8019	5
8018	14
8545	0
8016	21
8015	60
8546	48
8541	178
8540	0
8011	20
8010	15
7456	25
7457	172
7454	46
7455	78
7452	0
7453	1
7450	0
2740	50
624	22
2743	2
7458	12
7459	7
2034	38
2033	50
4849	10
2031	10
4595	6
2749	56
2748	16
4598	0
6536	11
4599	32
2318	59
8290	7
4735	36
8293	0
6535	0
4842	122
8295	6
4843	10
4738	38
8294	3
4739	0
8297	5
8296	49
393	12
392	10
391	130
390	5
397	100
396	97
395	404
394	594
399	0
398	4
2309	0
2308	20
4729	0
4728	6
4725	10
2300	14
4727	6
2302	917
4721	5
4720	132
4723	33
4722	3
5847	24
5846	60
5845	259
5844	0
5843	2
5842	236
5841	116
5840	109
5849	2
5848	257
3748	99
3749	371
3746	145
3747	319
3744	118
3745	18
3742	113
3743	118
3740	53
3741	103
4620	140
4621	98
4622	11
4623	135
4624	14
4625	16
4626	4
4627	41
4628	222
4629	3
179	706
178	71
177	71
176	386
175	1
174	0
173	4
172	24
171	24
170	50
7218	7
7219	74
7210	174
7211	54
7212	36
7213	82
7214	10
7215	7
7216	2
7217	252
6217	0
6216	11
6215	4
6214	13
6213	34
6212	1
6211	559
6210	7
6219	0
6218	0
6819	0
6818	12
6811	9
6810	43
6813	14
6812	0
6815	175
6814	0
6817	474
6816	10
1115	84
8848	31
8849	34
8840	71
8841	51
8842	0
8843	27
8844	0
8845	105
8846	200
8847	19
7669	107
7668	0
7661	0
7660	12
7663	40
7662	56
7665	65
7664	23
7667	0
7666	0
1768	547
1769	0
1762	123
1763	75
1760	21
1761	0
1766	184
1767	21
1764	52
1765	150
1546	136
693	2
690	180
691	69
696	15
697	24
694	22
695	233
698	90
699	372
1548	157
1549	90
8710	44
8711	14
8712	10
8713	1
8714	64
8715	0
8716	13
8717	0
8718	0
8719	26
5618	49
5619	0
5612	0
5613	11
5610	534
5611	19
5616	37
5617	92
5614	219
5615	173
1255	33
6778	2
6779	2
6774	13
6775	22
6776	125
6777	0
6770	0
6771	24
6772	60
6773	100
258	0
259	107
252	156
253	53
250	300
251	32
256	9
257	6
254	180
255	23
4665	42
3582	7
2432	0
3689	232
3688	4
3583	46
3683	2
3682	120
3681	1
3680	105
3687	26
3686	0
3685	0
3684	0
2518	128
2519	271
2514	45
2515	1
2516	168
2517	5
2510	59
2511	28
2512	0
2513	27
361	230
3531	194
3530	42
3533	90
3532	0
5058	67
3534	950
3537	29
3536	71
3539	100
3538	34
5056	67
5057	12
5050	0
5051	803
5052	60
5053	0
1159	300
1158	99
1155	347
1154	50
1157	0
1156	32
1151	121
1150	3
1153	101
1152	3
8035	16
8034	2
8037	247
8036	55
8031	101
8030	47
8033	55
8032	49
8039	44
8038	77
8529	211
8528	422
8523	66
8522	0
8521	16
8520	3
8527	105
8526	0
8525	89
8524	3
4299	41
4298	35
4295	1
4294	3
4297	5
4296	0
4291	0
4290	0
4293	325
4292	30
4749	329
4748	3
4743	97
4742	0
4741	26
4740	0
4747	7
4746	72
4745	26
4744	6
5869	377
5868	153
5865	17
5864	218
5867	22
5866	1
5861	3
5860	42
5863	4
5862	6
2183	202
2182	41
2181	7
2180	5
2187	12
2186	112
4608	29
2184	85
4606	0
4607	56
2189	269
2188	70
4602	22
4603	53
4600	85
4601	24
8682	12
6906	1
6905	83
6904	49
8686	11
8139	13
151	454
150	0
153	145
152	24
155	56
154	46
157	21
156	140
159	193
158	62
6900	0
6459	53
6458	1
8136	24
8137	82
6187	0
6186	12
6185	93
6184	30
6183	53
6182	0
6181	56
6180	54
6954	31
8133	3
6189	236
6188	59
2727	34
2726	537
2725	542
2724	0
2723	154
2722	46
2721	8
2720	41
2729	285
2728	6
7944	20
9190	72
7946	0
7947	8
7232	29
7233	75
7230	0
7943	0
9199	5
9198	34
7948	4
7949	34
7238	6
7239	122
692	158
6239	22
6238	12
6235	11
6234	294
6237	0
6236	747
6231	28
6230	82
6233	6
6232	44
7932	20
8866	23
8867	23
8864	46
8865	0
8862	0
8863	8
8860	12
8861	0
8868	8
8869	0
818	106
819	163
810	187
811	17
812	26
813	23
814	0
815	53
816	63
817	36
1700	812
1701	6
1702	59
1703	207
1704	33
1705	88
5261	172
1707	112
1708	42
1709	260
4572	25
5269	176
5268	15
4573	174
2091	0
4575	447
2093	108
4577	29
3959	5
7936	10
3029	312
3028	52
3027	755
3026	46
3025	66
3024	85
3023	99
3022	324
3021	12
3020	28
8738	0
8739	32
8736	0
8737	55
8734	122
8735	0
8732	11
8733	41
8730	24
8731	85
4198	0
4199	8
4196	13
4197	150
4194	15
4195	37
4192	115
4193	14
4190	0
4191	327
5670	19
5671	2
5672	2
5673	7
5674	3
5675	28
5676	52
5677	82
5678	0
5679	5
6437	1
6436	12
8190	0
6434	45
6433	28
8197	13
6431	2
6430	3
8198	0
8199	13
6439	1
6438	8
6758	94
6759	63
6752	0
6753	15
6750	6
6751	0
6756	87
6757	22
6754	8
6755	47
238	89
239	110
234	16
235	1
236	476
237	238
230	48
231	16
232	93
233	86
4681	67
2538	101
2539	0
2532	39
2533	16
2530	53
2531	290
2536	58
2537	18
2534	143
2535	58
5078	181
5079	0
5072	34
5073	93
5070	153
5071	41
5076	27
5077	13
5074	0
5075	19
939	335
938	184
933	60
932	15
931	50
930	68
937	8
936	1
935	0
934	154
5380	24
5381	3
5382	98
5383	393
5384	35
5385	45
5386	67
5387	0
5388	31
5389	28
1536	16
3227	4
797	24
796	505
795	134
794	560
9380	2
792	0
9382	428
9383	32
9388	0
9389	32
799	192
798	207
2412	64
2415	167
2414	46
1139	89
1138	312
2417	12
1133	55
1132	106
1131	38
1130	29
1137	61
1136	288
1135	211
1134	56
2419	127
2418	46
7148	58
7149	0
7144	154
7145	25
7146	42
7147	19
7140	13
7141	12
7142	16
7143	6
2149	115
4973	0
8501	196
8052	0
8503	200
8050	48
8505	24
8056	16
8055	101
8506	2
8509	12
8508	62
8059	41
8058	11
1535	203
2882	33
2883	142
2880	163
7499	0
2886	2
2887	7
2884	32
2885	251
7492	0
7493	1
2888	636
2889	128
7496	58
7497	31
7494	74
7495	4
2	0
3276	0
1921	326
3274	76
477	20
1923	42
1924	20
1925	652
1926	76
6589	87
3271	21
4761	17
4760	8
4763	570
4762	0
4765	32
4764	1
4767	5
4766	1
4769	146
4768	0
8767	5
5809	0
5808	0
5803	30
5802	243
5801	65
5800	3
5807	589
5806	73
5805	9
5804	38
1573	6
684	61
687	8
1570	19
1577	147
8768	2
1575	18
1574	2
3313	32
674	0
4888	10
4889	557
2709	96
2708	10
675	3
4880	138
4881	827
2707	565
2706	77
4884	21
2700	27
4886	0
2702	216
7962	13
7963	174
7960	10
7961	19
7966	11
7967	51
9179	14
7965	7
9177	13
9176	0
9175	37
7969	0
9173	34
9172	7
9171	12
9170	2
6259	104
6258	7
6253	0
6252	612
6251	15
6250	3
6257	7
6256	0
6255	383
6254	63
8017	36
8544	6
475	22
8547	62
832	38
3475	105
830	19
3477	10
8888	8
8889	4
3472	430
3473	55
8884	0
8885	1
8886	1
839	0
8880	0
8881	21
8882	1
8883	22
8543	1
8542	410
2413	256
7023	14
5249	13
5248	1
1728	30
1729	47
1726	58
1727	113
5247	36
5246	0
5241	1
5240	14
1720	147
1721	347
9004	0
9003	7
7026	2
7931	0
7025	20
7930	494
7024	42
7933	20
3005	0
3004	0
3007	54
3006	12
3001	102
3000	196
3003	48
3002	21
9458	4
3009	52
3008	0
7286	0
1588	26
1589	8
7937	4
1582	367
1583	17
1580	0
1581	24
1586	64
1587	9
1584	40
1585	56
7939	31
5481	58
7938	0
5480	232
7289	29
1635	0
9105	1
9102	10
9103	21
9452	9
5658	77
5659	7
5656	42
5657	54
5654	2
5655	46
5652	26
5653	139
5650	49
5651	2
6419	67
6418	15
6415	45
6414	1479
6417	9
6416	1
6411	0
6410	11
6413	0
6412	52
7777	10
7776	26
7775	0
7774	24
7773	6
7772	0
7771	3
7770	0
7779	115
7778	0
3917	7
3916	11
3915	99
3914	8
3913	0
3912	4
3911	3
3910	71
3919	51
3918	8
6730	57
8315	71
8316	19
6733	9
6734	22
6735	43
8312	203
6737	5
6738	9
6739	20
8318	28
8319	23
2757	152
216	46
217	157
214	9
215	0
212	145
213	329
210	111
211	0
218	0
219	0
6088	12
6089	819
6086	31
6087	3
6084	5
6085	15
6082	57
6083	26
6080	409
6081	32
3649	2
3648	101
3647	108
3646	97
3645	11
3644	35
3643	128
3642	36
3641	507
3640	0
2550	1
2551	403
2552	7
2553	27
2554	9
2555	9
2556	34
2557	486
2558	19
2559	7
5010	228
5011	0
5012	34
5013	4
5014	10
5015	10
5016	185
5017	18
5018	64
5019	0
4419	59
4418	38
4417	745
4416	4
4415	0
4414	46
4413	46
4412	19
4411	1
4410	768
919	71
918	805
915	3
914	37
917	2
916	222
911	1090
910	41
913	96
912	4
7168	34
7169	15
7162	27
7163	1
7160	0
7161	10
7166	0
7167	153
7164	81
7165	0
8079	282
8078	100
3420	0
1807	38
1213	0
8071	0
8070	12
8073	0
8072	0
8075	12
8074	11
8077	9
8076	40
793	134
634	22
1217	11
1214	278
637	0
1447	6
1110	20
1445	197
1112	28
1443	27
1114	37
1117	406
1116	49
1119	7
1118	79
1449	125
1448	284
4859	56
2005	54
791	29
4585	8
4856	628
2008	645
4854	7
4581	44
4580	201
2301	516
4583	6
4724	65
6525	20
4582	311
2303	18
8269	23
8634	0
4726	2
2305	166
2304	21
8264	14
2307	27
4789	10
4788	45
4787	40
4786	22
4785	86
2306	10
4783	33
4782	31
4781	0
4780	261
5821	53
5820	190
5823	1
5822	20
5825	16
5824	10
5827	33
5826	8
5829	21
5828	10
7914	12
1182	48
199	4
198	211
195	0
194	50
197	9
196	28
191	65
190	2
193	348
192	675
6912	288
9155	12
9154	1
2769	6
2768	0
9151	46
9150	0
9153	9
9152	577
2763	0
2762	0
2761	0
2760	2
9159	0
2766	28
2765	101
2764	24
7908	4
7909	0
7900	1
7901	35
7902	1
7903	10
7904	28
7905	7
7906	2
7907	129
6271	17
6270	165
6273	160
6272	46
6275	14
6274	31
6277	27
6276	0
6279	728
6278	28
1183	52
4916	1
854	178
3453	129
3450	0
857	120
850	177
3457	0
3454	50
853	72
3458	60
3459	226
858	221
859	8
6	0
9384	3
5229	230
5228	16
5223	460
5222	19
5221	2
5220	30
5227	0
5226	421
5225	20
5224	47
3063	6
3062	9
3061	126
3060	270
3067	50
3066	6
3065	26
3064	128
3069	9
3068	104
1304	5
1305	140
1306	1
1307	0
1300	10
1301	5
1302	363
1303	2
1308	81
1309	0
498	129
499	57
494	19
495	11
496	83
497	1
490	184
491	171
492	150
493	131
8216	0
6479	40
6478	25
6473	141
6472	0
6471	36
6470	0
6477	5
6476	34
6475	23
6474	35
7759	3
7758	5
7755	23
7754	0
7757	87
7756	40
7751	1
7750	88
7753	236
7752	0
3939	3
3938	1
3935	0
3934	283
3937	108
3936	3
3931	0
3930	12
3933	124
3932	120
8332	25
8333	7
8330	86
8331	8
8336	21
8337	317
6718	88
6719	4
6716	41
6717	19
8338	89
6715	4
6712	5
6713	39
6710	14
6711	613
4044	4
4045	133
4046	128
4047	47
4040	156
4041	4
4042	0
4043	0
4048	11
4049	141
3665	69
3664	22
3667	7
3666	136
3661	0
3660	54
3663	60
3662	15
3669	26
3668	424
5582	0
2578	120
2579	419
2576	4
2577	154
2574	86
2575	45
2572	0
2573	0
2570	23
2571	182
3593	17
3592	0
3591	3
3590	0
3597	0
3596	37
5038	251
3594	13
5036	0
5037	53
5034	29
3598	22
5032	287
5033	4
5030	12
5031	3
4435	84
4434	249
4437	12
4436	0
4431	7
4430	101
4433	16
4432	131
4439	0
4438	194
977	74
976	138
975	15
974	2
973	237
972	52
971	0
970	66
979	141
978	52
1088	19
5197	61
8927	0
8926	19
8925	96
8924	5
8923	45
8922	3
8921	4
8920	0
8929	0
8928	18
5414	53
5415	7
3384	13
7100	130
7101	0
7102	0
7103	57
7104	8
7105	50
7106	23
7107	8
7108	42
7109	9
3383	492
5412	8
5413	19
1681	284
1680	10
1683	147
1682	0
1685	64
1684	61
1687	49
1686	0
1689	800
1688	43
3388	13
650	52
1469	39
1468	0
1465	0
1464	85
1467	48
1466	251
1461	373
1460	59
1463	132
1462	87
4239	4
4238	3
4237	82
4236	21
4235	0
4234	14
4233	1
4232	1
4231	0
4230	380
5591	29
5590	66
5593	15
5592	562
5595	0
5594	0
5597	0
5596	109
5599	3
5598	128
7285	26
319	111
318	41
313	14
312	367
311	87
310	116
317	178
316	260
315	18
314	11
3299	49
4212	26
1335	24
442	61
1337	251
1336	12
1331	10
446	98
445	196
444	23
630	13
8699	0
6937	66
2299	25
2298	176
8129	6
2293	258
2292	38
2291	29
2290	42
2297	9
2296	36
2295	36
2294	27
8127	14
8694	9
6938	2
6939	0
8123	25
8122	143
8121	34
8692	1
7290	328
7927	0
7292	10
7925	33
7922	454
7923	79
7920	257
7921	0
7298	3
7299	151
9139	0
9138	15
7704	24
7928	1
7929	240
38	232
6299	18
6298	0
6297	97
6296	45
6295	174
6294	26
6293	42
6292	0
6291	42
6290	3
37	249
7708	8
34	9
8511	16
3438	0
3439	9
4936	90
878	14
879	104
876	0
877	0
874	73
875	3
872	265
873	48
870	39
871	225
2741	0
2036	82
2035	190
2742	509
2745	80
2744	36
2747	33
2030	26
4844	0
4845	226
4846	124
4847	48
4840	0
4841	34
2039	76
2038	197
5201	36
5200	77
5203	36
5202	0
5205	2
5204	0
5207	7
5206	176
5209	8
5208	9
5193	0
1911	108
3049	9
3048	680
3041	178
3040	208
3043	5
3042	13
3045	17
3044	181
3047	54
3046	7
1913	3
1094	61
1095	1987
1096	0
1097	74
1090	3
1091	246
1092	153
1093	1171
1912	95
1098	456
1099	242
3294	43
1322	101
1323	0
1320	78
1321	34
1326	0
1327	101
1324	103
1325	17
1328	4
1329	51
6451	17
6450	24
6453	0
8681	5
6455	83
8687	0
8684	5
8685	178
8134	0
8135	9
8688	19
8689	11
8130	184
8131	4
6909	33
6908	32
1917	302
7739	2
7738	17
7733	99
7732	0
7731	69
7730	0
7737	68
7736	1
7735	0
7734	38
1916	10
3958	5
3953	1
3952	4
3951	9
3950	504
3957	0
3956	293
3955	4
3954	163
8358	8
8359	2
8350	42
8351	0
8352	120
8353	12
8354	2
8355	0
8356	3
8357	84
4062	85
4063	0
4060	0
4061	0
4066	0
4067	25
4064	90
4065	6
4068	25
4069	17
5784	173
5785	428
5786	7
5787	3
5780	10
5781	20
5782	4
5783	34
5788	225
5789	1
3603	1
3602	16
3601	12
3600	35
3607	202
3606	254
3605	109
3604	27
3609	104
3608	35
3296	11
4453	29
4452	172
4451	3
4450	327
4457	0
4456	0
4455	37
4454	4
4459	11
4458	143
959	79
958	56
951	85
950	291
953	16
952	11
955	19
954	2
957	781
956	238
6334	19
6335	75
6336	273
6337	63
6330	11
6331	3
6332	32
6333	35
6338	91
6339	521
8909	130
8908	4
8905	0
8904	0
8907	0
8906	0
8901	11
8900	0
8903	53
8902	0
2174	25
4968	50
7128	22
7129	0
7126	2
7127	26
7124	6
7125	392
7122	120
7123	0
7120	482
7121	56
2179	247
1669	203
1668	0
1667	25
1666	0
1665	436
1664	89
1663	89
1662	49
1661	180
1660	87
591	9
590	4
593	101
592	0
595	67
594	38
597	3
596	592
599	0
598	0
2828	14
2829	2
2824	30
2825	31
2826	35
2827	259
2820	0
2821	17
2822	64
2823	213
3386	26
3387	379
5416	19
3385	49
5410	7
5411	128
3380	3
3381	0
1490	1
5418	0
5419	3
7953	0
3389	40
1409	81
1408	258
1403	8
1402	0
1401	0
1400	39
1407	1
1406	23
1405	13
1404	0
4215	0
4214	32
4217	70
4216	25
4211	5
4210	1
4213	255
1547	14
3961	0
4219	9
4218	1
1545	32
1542	7
1543	16
3261	21
1540	0
5579	3
3260	105
5577	22
5576	2
5575	0
5574	142
5573	410
5572	91
5571	365
5570	57
1930	1590
3968	425
5128	391
5798	25
5129	0
339	14
338	208
335	185
334	174
337	162
1934	40
331	177
330	84
333	185
332	0
3269	1162
3268	8
1939	28
1494	24
5127	0
5002	20
1496	93
1497	14
6109	71
6108	0
6107	26
6106	6
6105	44
6104	5
6103	14
6102	0
6101	63
6100	0
9119	32
9118	0
9449	0
9448	8
9111	45
9110	2
9445	13
9112	428
9115	16
9442	0
9441	34
9440	2
7749	7
3416	18
8530	59
3414	280
3415	26
3412	7
3413	196
3410	136
3411	147
1931	19
8020	34
3418	51
3419	39
8533	61
8026	16
8027	17
4868	158
4869	22
2019	80
8024	20
4862	18
2014	30
4860	117
8537	137
4866	1
4867	13
2013	16
4865	15
1936	59
2881	1
9034	12
9035	66
1935	165
9038	4
9039	32
9447	14
9446	6
9113	32
9444	0
9443	37
9114	3
9117	55
9116	0
1348	110
1349	357
1340	201
451	39
452	97
1343	2
454	340
1345	0
1346	3
457	290
8118	29
8119	35
6929	7
6928	167
6925	34
6924	30
8110	9
6926	0
6921	0
8117	28
8114	0
6922	25
7711	22
7710	19
7713	9
7712	0
7715	5
7714	222
7717	0
7716	0
7719	0
7718	1
6444	0
8376	103
8377	37
8374	7
8375	14
8372	10
8373	3
8370	34
8371	14
833	18
8378	499
8379	0
9435	3
4008	0
4009	1
4000	39
4001	121
4002	51
4003	26
4004	28
4005	38
4006	163
4007	227
3971	219
3970	10
3973	158
3972	18
3975	23
3974	48
3977	125
3976	13
3979	5
3978	0
3629	7
3628	451
8140	0
3621	79
3620	154
3623	77
3622	0
3625	121
3624	120
3627	1
3626	11
6446	31
4479	0
4478	0
4471	4
4470	197
4473	88
4472	46
4475	0
4474	93
4477	0
4476	29
2464	48
2465	0
2466	109
2467	73
2460	56
2461	0
2462	388
2463	32
2468	201
2469	1
1026	0
9459	30
5340	24
5341	30
5342	9
3417	16
1022	93
6312	58
6313	37
6310	17
6311	174
6316	76
6317	2
6314	135
6315	8
6318	42
6319	0
1029	27
5349	3
9308	102
9309	5
8531	0
9304	1
9305	454
9306	0
9307	10
9300	1
9301	0
9302	0
9303	0
8969	60
8968	10
8963	13
8962	79
8961	30
8960	0
8967	25
8966	61
8965	12
8964	0
9455	0
1645	0
1644	33
1647	96
1646	14
1641	39
1640	120
1643	0
1642	57
1649	0
1648	3
9456	0
579	139
578	384
573	37
572	29
571	23
570	5
577	37
576	16
575	0
574	0
2808	20
2809	102
2802	0
2803	183
2800	8
2801	612
2806	16
2807	7
2804	2
2805	300
5432	17
1420	582
1423	51
5431	0
1425	118
1424	30
5434	115
1426	321
1429	0
1428	14
3366	0
5439	135
3360	4
3361	61
3362	17
3363	31
2018	594
4273	11
4272	34
4271	149
4270	113
4277	22
4276	6
4275	0
4274	502
609	70
4279	3
4278	37
608	35
5555	93
5554	21
5557	17
5556	24
5551	1
5550	195
5553	339
5552	24
5559	1
2017	58
2016	12
2011	0
2010	48
8589	23
8588	1
4864	0
8581	26
8580	39
8583	0
2012	562
8585	3
8584	15
8587	0
8586	0
5883	187
5882	126
5881	5
5880	0
5887	0
5886	289
5885	0
5884	45
5889	17
5888	35
6554	3
6555	28
6556	155
6557	30
6550	0
6551	11
6552	200
6553	160
6558	21
6559	52
7504	332
7505	54
355	45
7507	0
7500	21
7501	113
351	45
7503	47
7508	0
7509	0
359	513
358	23
6125	0
6124	120
6127	45
6126	37
6121	1
6120	2
6123	25
6122	216
6129	19
6128	3
5	426
2190	6
2191	7
2192	74
4630	5
2259	14
2258	55
2257	1
4637	334
2255	15
2254	4
2253	300
2252	21
2251	1
2195	49
2196	31
4634	87
4800	11
2784	1
2787	46
2786	13
2781	62
2780	35
4806	0
4807	136
4808	30
4809	7
2789	0
2788	0
9465	5
9464	0
9467	90
9466	43
9461	29
9460	0
9463	44
9462	41
2073	154
2072	2
2071	115
2070	179
9469	34
9468	7
2075	168
2074	148
8790	6
8977	14
8791	11
7081	2
7080	0
7083	8
7082	47
7085	27
7084	13
7087	51
7086	0
7089	159
7088	195
8170	0
6494	13
8172	2
6496	11
8174	18
8175	44
6493	316
6492	34
8178	156
8179	8
6499	34
6498	5
6949	1
6948	74
6943	12
6942	178
6941	30
6940	30
6947	22
6946	136
6945	0
6944	22
8205	155
8998	29
8398	76
8399	139
8394	0
8395	35
8396	14
8397	20
8390	0
8391	34
8392	1
8393	16
4398	6
4399	78
4390	9
4391	23
4392	163
4393	28
4394	5
4395	424
4396	12
4397	0
1366	0
1367	139
3195	0
3194	35
3193	240
3192	2
3191	9
1361	66
478	5
479	373
1368	422
3198	516
4026	66
4027	0
4024	16
4025	21
4022	136
4023	49
4020	129
4021	17
4028	42
4029	18
3999	71
3998	26
3997	42
3996	28
3995	0
3994	57
3993	0
3992	0
3991	29
3990	4
8165	0
8999	12
2027	38
298	320
299	6
296	1
297	5
294	16
295	789
292	283
293	252
290	37
291	197
587	139
5487	90
2442	2
2443	134
2440	12
2441	27
2446	6
2447	21
2444	252
2445	26
2448	4
2449	117
7867	0
7866	0
7865	42
7864	9
7863	57
7862	102
7861	7
7860	0
5486	9
7869	22
7868	0
6378	41
6379	18
6370	11
6371	5
6372	5
6373	0
6374	0
6375	69
6376	40
6377	0
4978	1
9328	0
9329	1
9322	54
9323	0
9320	1
9321	3
9326	77
9327	0
9324	0
9325	40
8941	3
8940	39
8943	21
8942	0
8945	0
8944	37
8947	0
8946	0
8949	25
8948	3
5483	720
1436	28
1437	29
7394	5
3393	3
3392	37
5403	107
3394	61
1623	74
3206	56
1993	11
1620	768
1995	88
3202	319
1625	0
3200	37
1999	185
1998	86
5188	4
1628	106
3209	92
3208	0
3535	79
5059	59
2860	8
2861	81
2862	19
2863	26
2864	705
558	438
2866	11
2867	0
555	139
554	150
557	32
556	31
551	11
550	19
553	2
552	0
5054	13
5409	20
5055	35
1439	2
1199	867
1198	438
3348	14
3349	0
5450	8
1190	503
5452	1
5453	2
5454	18
5455	1
3344	140
5457	7
4259	277
4258	0
4251	167
4250	78
4253	5
4252	34
4255	102
4254	109
4257	9
4256	45
5533	20
5532	24
5531	120
5530	85
5537	6
5536	0
5535	73
5534	16
5539	53
5538	29
458	0
459	49
6572	25
6573	0
6570	76
6571	0
6576	32
6577	65
6574	13
6575	25
6578	39
6579	202
5100	538
7694	50
7695	48
7696	0
7697	22
7690	28
7691	1
7692	3
7693	5
7698	20
7699	90
3834	96
3835	105
3836	78
3837	0
3830	0
3831	8
3832	144
3833	0
1344	0
3838	72
3839	69
455	28
3207	7
456	8
1347	208
7522	99
7523	24
7520	128
7521	55
7526	263
7527	8
7524	9
7525	107
371	64
370	6
373	7
7529	6
375	53
374	41
377	0
376	87
6143	111
6142	15
6141	41
6140	113
6147	17
6146	274
6145	45
6144	0
6149	6
6148	28
6927	30
8111	6
8116	2
6920	19
6923	0
8115	7
3203	181
2275	296
2274	70
2277	33
2276	11
2271	188
2270	91
2273	159
2272	100
2279	0
2278	3
2051	11
2050	19
2053	222
2052	0
4538	0
4539	1
2057	7
4829	26
2059	12
4535	40
4824	14
4825	12
4822	41
4823	41
4820	14
4821	108
7980	335
9402	0
7982	14
9400	2
7984	13
9406	16
7986	0
7987	17
7988	13
7989	55
9409	12
9408	15
3226	43
2095	34
7324	0
7325	0
7326	6
7327	15
7320	41
7321	1
7322	13
7323	0
7328	1
7329	13
808	30
8225	0
8853	0
8852	20
8851	5
800	51
7069	0
7068	5
7067	12
807	117
7065	0
7064	19
7063	6
7062	47
7061	21
7060	142
8855	61
804	59
6961	28
6960	4
6963	0
6962	2
8628	0
6964	69
6967	1
8159	6
8156	0
8157	12
8154	44
8627	125
8152	0
8153	65
8150	27
8623	5
3784	98
414	179
415	2
416	14
417	118
1388	74
411	686
412	5
413	29
1384	27
1385	13
1386	1113
1387	29
418	25
419	0
1382	127
1383	59
5274	26
5460	0
5275	17
5276	0
3789	58
5277	1
5270	13
1770	119
5463	25
5272	1
8101	152
1772	139
8100	23
1779	245
5279	3
6688	81
6689	0
6680	4
6681	38
6682	0
6683	24
6684	56
6685	6
6686	27
6687	5
2428	68
2429	4
2400	0
2420	16
2421	15
2422	398
2423	63
2424	83
2425	24
2426	30
2427	203
7849	4
7848	1
7845	0
7844	120
7847	21
7846	5
7841	23
7840	14
7843	0
7842	6
6356	97
6357	79
6354	0
6355	27
6352	0
6353	5
6350	27
6351	100
6358	36
6359	4
9340	0
9341	45
9342	1
9343	0
9344	0
9345	10
9346	29
9347	7
9348	84
9349	0
1814	0
1815	45
1816	44
1817	39
1810	37
1811	143
1812	57
1813	194
1818	65
1819	0
2165	12
4953	347
2167	76
1609	24
1608	0
4951	0
3229	101
3228	48
1979	4
1978	250
3225	566
3224	70
1603	59
1602	3
3221	0
1604	439
1607	130
1606	19
4954	77
4955	50
2848	33
2849	33
2846	4
2847	250
2844	134
2845	265
2842	227
2843	28
2840	1
2841	0
5476	10
5477	168
3322	142
3323	0
5472	484
3325	267
5470	56
5471	0
3328	107
3329	241
5478	70
5479	83
5519	8
5518	21
5511	61
5510	24
5513	53
5512	19
5515	0
5514	21
5517	80
5516	42
1977	44
537	17
1559	25
535	81
534	2
533	22
532	0
531	46
3035	476
539	0
538	91
1976	3
5139	7
5138	1
5137	98
1907	59
1904	38
6518	34
6519	38
1905	27
6510	71
6511	3
6512	0
6513	11
6514	22
6515	0
6516	0
6517	11
3292	130
1901	9
3812	196
3813	29
3810	105
3811	658
3816	157
3817	0
3814	781
3815	61
3818	64
3819	0
8457	18
8456	4
8455	0
8454	20
8453	220
8452	3
8451	106
8450	19
1973	37
8459	0
8458	7
7548	0
7549	6
7540	43
7541	1
7542	8
7543	12
7544	36
7545	0
7546	20
7547	20
6169	13
6168	10
6161	19
6160	12
6163	186
6162	0
6165	478
6164	144
6167	197
6166	22
1970	147
2213	157
2212	105
2211	39
2210	567
2217	0
2216	5
2215	0
2214	447
2219	177
2218	159
4904	77
6137	18
4518	4
4519	22
4512	1
4513	0
4510	1
4511	4
4516	23
4517	719
4514	379
4515	31
9429	0
9428	2
9421	9
9420	577
9423	0
9422	1
9425	46
9424	12
9427	0
9426	30
5289	102
5288	12
5281	42
5280	105
5283	101
5282	5
5285	111
5284	302
5287	17
5286	3
7615	569
2320	28
7001	1
9024	17
9027	30
7302	0
7303	74
7300	214
7301	0
7306	3
9288	115
7304	165
7305	3
9285	29
9284	30
9287	14
7309	2
9281	17
9280	0
9283	49
9282	34
9023	0
7006	57
7045	1
7044	40
7047	174
7046	35
7041	17
7040	89
7043	2
7042	41
7049	28
7048	365
8608	16
8609	11
6989	8
6988	0
6987	5
8603	4
8600	75
6984	114
8606	0
6982	45
8604	28
6980	22
9109	0
7590	10
2989	628
2988	35
2983	6
2982	11
2981	162
2980	287
2987	249
2986	94
2985	26
2984	109
9106	11
1018	579
1019	274
1014	34
1015	76
1016	11
1017	0
1010	544
1011	191
1012	23
1013	18
4358	101
4359	165
4354	65
4355	0
4356	34
4357	138
4350	317
4351	287
4352	6
4353	23
438	35
439	47
436	75
437	47
434	362
435	0
432	22
433	37
430	8
431	21
3312	84
5708	3
5709	34
5704	282
5705	232
5706	1
5707	9
5700	127
5701	56
5702	255
5703	2
3314	161
1434	0
1435	70
9101	2
716	133
1050	72
5356	652
1052	237
7829	502
7828	11
7823	4
5353	28
7821	551
7820	9
7827	0
7826	53
7825	0
7824	1
5351	424
1057	267
1431	0
9368	37
9369	1
9366	31
9367	9
9364	0
9365	44
9362	18
9363	8
9360	11
9361	0
8985	26
8984	6
8987	1
8986	2
8981	0
8980	43
8983	24
8982	0
8989	0
8988	106
1832	201
1833	78
1830	8
1831	243
3799	35
3798	27
1834	128
1835	413
3795	73
3794	16
1838	10
1839	333
3791	0
3790	155
3793	68
3792	9
4981	21
2155	0
2156	141
2157	12
4985	0
2403	48
2152	232
2153	1
4989	15
4988	18
2158	2
2159	254
2408	350
2409	2
1955	69
1954	60
1957	31
1956	171
1951	229
1950	18
1953	484
1952	15
1959	18
1958	0
3249	61
3248	27
3243	6
3242	110
3241	22
3240	0
3247	9
3246	25
3245	15
3244	41
1483	242
1482	130
1481	176
1480	0
1487	0
5499	127
3308	7
1484	4
3306	0
3307	383
5496	24
1488	2
5490	125
5491	0
3300	64
5493	6
1992	34
1270	14
1271	63
610	29
1273	10
1274	46
1275	185
2060	430
614	19
2061	70
1277	16
2790	87
2063	66
2064	35
2797	9
519	11
518	252
2794	0
511	0
510	20
513	56
512	0
515	59
514	23
517	2
516	49
1227	0
622	7
1225	32
1224	8
1223	43
1222	123
1221	16
1220	123
629	63
628	9
1229	151
1228	57
8291	21
6537	0
6534	97
8292	0
6532	11
6533	21
6530	35
6531	25
8299	0
8298	2
8240	20
6538	0
6539	0
8793	0
8794	26
8795	0
8244	103
8797	3
3878	2
3879	189
3870	95
3871	0
3872	0
3873	331
3874	54
3875	350
3876	16
3877	6
8479	1
8478	4
8475	0
8474	0
8477	40
8476	2
8471	18
8470	1
8473	1
8472	37
7566	268
7567	19
7564	0
7565	49
7562	0
7563	5
7560	7
7561	4
7568	29
7569	0
4167	0
4166	34
4165	81
4164	14
4163	23
4162	299
4161	34
4160	2
4169	31
4168	40
2239	65
2238	14
2231	0
2230	275
2233	11
2232	12
2235	176
2234	45
2237	50
2236	7
5937	2
5936	8
5935	88
5934	59
5933	36
5932	15
5931	3
5930	10
5939	32
5938	305
1631	262
2185	300
3498	29
3499	231
3496	0
3497	4
3494	12
3495	102
3492	14
3493	20
3490	1
3491	47
4570	0
2094	407
2097	194
2096	131
4574	57
2090	23
4576	10
2092	0
4578	325
4579	39
2099	101
2098	5
4605	58
8125	23
8124	20
7368	96
7369	191
7360	15
7361	4
7362	224
7363	31
7364	8
7365	5
7366	14
7367	0
3	31
9121	0
9007	298
9006	0
9005	7
7020	6
7027	34
9002	29
9001	16
9000	0
7029	0
7028	0
9009	10
9008	0
3330	233
7799	5
7798	0
7791	17
7790	0
7793	9
7792	0
7795	22
7794	0
7797	8
7796	38
1655	5
1038	250
1039	12
1032	69
1033	93
1030	0
1031	25
1036	61
1037	12
1034	266
1035	94
4378	35
4379	98
4372	0
4373	82
4370	7
4371	16
4376	3
4377	118
4374	10
4375	0
8660	20
8661	30
8662	22
8663	10
8664	30
8665	13
8666	22
8667	10
8668	75
8669	63
4080	44
4081	3
4082	30
4083	73
4084	0
4085	86
4086	10
4087	0
4088	0
4089	1
5728	76
5729	15
5722	32
5723	267
5720	4
5721	17
5726	30
5727	362
5724	21
5725	100
8084	35
8085	0
8086	41
8087	0
8080	72
8081	0
8082	13
8083	38
8088	2
8089	11
6648	19
6649	45
6644	275
6645	57
6646	15
6647	14
6640	5
6641	0
6642	29
6643	37
7801	15
7800	2
7803	14
7802	113
7805	11
7804	11
7807	0
7806	29
7809	21
7808	0
6398	31
6399	346
6392	1
6393	8
6390	27
6391	16
6396	0
6397	35
6394	4
6395	22
2396	72
2397	34
2394	5
2395	49
2392	63
2393	127
2390	451
2391	204
2398	187
2399	150
1858	0
1859	17
3840	19
1850	28
1851	13
1852	2
1853	4
1854	3
1855	46
1856	73
1857	23
2172	106
2173	3
2170	0
2171	0
2176	85
2177	177
4969	476
2175	36
4967	324
4966	67
2178	202
4964	1
4963	164
4962	111
4961	1
4960	2
1421	8
5694	0
7983	158
5433	20
3846	94
5430	0
1933	6
1932	63
3263	52
3262	97
1937	32
3264	4
3267	431
3266	669
5124	0
5125	12
5126	35
1938	209
5120	124
5121	0
5122	90
5123	9
9191	4
1427	10
7945	112
5435	4
9193	29
3364	0
9192	30
3365	43
7940	4
5438	237
9194	0
3367	45
7942	19
7231	0
6886	14
6887	0
6884	398
6885	0
6882	20
6883	15
6880	72
6881	8
6888	175
6889	0
605	308
604	41
607	11
606	0
601	45
600	15
603	376
602	240
1205	4
1204	150
1207	60
1206	267
1201	27
1200	5
1203	249
1202	311
8106	0
8279	14
8278	2
8277	283
8276	99
8275	40
8274	23
8273	21
8272	9
8271	103
8270	17
997	28
1353	52
464	420
467	345
996	13
466	27
461	56
460	48
8419	2
8418	10
463	266
8413	17
8412	0
8411	20
8410	73
8417	10
8416	54
8415	45
8414	8
991	479
7588	0
7589	16
7584	15
7585	9
7586	0
7587	7
7580	0
7581	14
7582	103
7583	0
990	11
6950	14
6951	99
6952	1
6953	0
4149	115
4148	18
4145	7
4144	28
4147	6
4146	40
4141	12
4140	407
4143	13
4142	22
3856	1
3857	37
3854	0
3855	23
3852	8
3853	114
3850	26
3851	46
992	123
6485	42
3858	36
3859	44
2661	245
5919	118
5918	0
5915	48
5914	31
5917	56
5916	86
5911	0
5910	0
5913	924
5912	1269
1972	341
4558	82
4559	11
4556	22
4557	70
4554	43
4555	3
4552	99
4553	50
4550	67
4551	109
5003	243
8582	0
6077	0
6076	60
6075	6
6074	76
6073	53
6072	4
6071	1
6070	128
6079	18
6078	0
2617	63
2616	60
2615	794
2614	0
2613	46
2612	5
2611	249
2610	13
2619	68
2618	1
7346	228
7347	26
7344	0
7345	4
7342	11
7343	3
7340	0
7341	8
7348	20
7349	0
1971	45
1186	686
5424	25
7009	103
7008	3
9029	28
9028	29
9025	34
7000	175
7003	394
9026	49
7005	69
9020	55
7007	5
9022	1
740	41
741	139
742	85
743	32
744	0
745	613
746	75
747	11
748	30
749	0
5426	34
2949	96
2948	153
2947	0
2946	57
2945	575
2944	0
2943	15
2942	37
2941	5
2940	155
5357	25
1051	107
5355	25
1053	104
1054	0
1055	105
1056	40
5350	13
1058	30
1059	325
5359	0
5358	96
4310	58
4311	10
4312	87
4313	132
4314	123
4315	0
4316	300
4317	0
4318	17
4319	25
5423	17
3119	2
3118	139
3117	0
3116	221
3115	2
3114	6
3113	36
3112	0
3111	46
3110	49
8648	2
8649	0
8646	12
8647	53
8644	0
8645	31
8642	16
8643	3
8640	34
8641	1
1181	474
5740	14
5741	11
5742	1
5743	20
5744	176
5745	45
5746	0
5747	0
5748	165
5749	69
7308	17
5267	1
5266	31
5265	57
5264	12
5263	11
5262	15
1706	249
5260	103
2136	51
6668	7
6669	39
6662	9
6663	7
6660	15
6661	1
6666	162
6667	37
6664	1
6665	87
7	70
2378	17
2379	15
2374	149
2375	72
2376	61
2377	326
2370	36
2371	19
2372	492
2373	14
1876	26
1877	656
1874	6
1875	275
1872	61
1873	20
1870	223
1871	16
1878	0
1879	862
4945	0
4944	3
4947	18
4946	35
4941	3
4940	101
4943	14
4942	0
4949	10
4948	8
2118	0
2119	44
2110	0
2111	36
2112	49
2113	80
2114	568
2115	49
2116	62
2117	13
6045	74
1919	22
1918	41
5108	11
5109	25
3289	0
3288	8
5102	0
5103	121
3285	0
5101	6
5106	0
5107	12
3281	191
5105	786
883	40
882	0
881	46
880	8
887	54
886	35
885	251
884	4
889	69
888	51
2621	12
357	122
356	0
7506	72
354	0
353	0
352	162
7502	1
350	394
6868	65
6869	4
6864	38
6865	38
6866	218
6867	2
6860	152
6861	24
6862	72
6863	4
9270	38
9238	0
9239	24
8255	99
8254	12
1269	20
8256	8
8251	28
8250	28
669	266
668	0
1263	154
666	33
665	89
1260	0
663	29
662	64
1265	1277
660	72
3287	0
8789	44
8788	1
1910	13
8783	7
8782	12
8781	8
8780	0
8787	1
8786	13
8785	0
8784	0
3284	0
7618	32
7619	0
7614	24
1915	61
7616	4
7617	77
7610	83
7611	23
7612	29
3282	5
5104	0
3280	25
8431	17
8430	184
8433	5
8432	5
8435	40
8434	13
8437	5
8436	7
8439	45
8438	2
9131	83
8516	21
8517	115
8514	2
8515	0
8512	14
8045	36
4129	21
4128	8
8510	5
4123	0
4122	217
4121	31
4120	0
4127	88
4126	23
4125	3
4124	301
5689	398
5688	12
5685	117
5684	0
5687	184
5686	0
5681	0
5680	54
5683	0
5682	8
5979	31
5978	94
5973	8
5972	14
5971	8
5970	18
5977	24
5976	41
5975	42
5974	83
1049	360
5407	16
2587	303
2586	36
2585	50
2584	2
2583	1
2582	0
2581	0
2580	12
2589	41
2588	0
6059	63
6058	22
6055	116
6054	152
6057	176
6056	0
6051	216
6050	25
6053	73
6052	40
2639	769
2638	17
2635	399
2634	0
2637	13
2636	18
2631	149
2630	30
2633	42
2632	43
9229	16
9228	11
9227	51
9226	5
9225	60
9224	33
9223	10
9222	0
9221	61
9220	26
5402	3
5401	5
9049	102
9048	10
9043	0
9042	0
9041	374
9040	1
9047	0
9046	11
9045	5
9044	0
3544	68
3545	7
3546	17
3547	8
3540	353
3541	67
3542	227
3543	41
3548	5
3549	218
2965	62
2964	44
768	26
2966	13
2961	75
2960	0
2963	132
2962	40
762	1
763	0
760	91
761	932
2969	144
2968	35
764	297
765	39
5379	14
5378	20
1078	482
1079	29
1076	85
1077	10
5377	57
1075	34
5371	5
5370	9
5373	73
1071	56
5583	98
4338	2
4339	31
4336	0
4337	55
4334	2
4335	0
4332	0
4333	0
4330	74
4331	27
3135	17
3134	0
3137	47
3136	28
3131	14
3130	191
3133	134
3132	0
3139	0
3138	546
5183	55
1532	24
1621	124
5768	0
5769	12
5766	0
5767	0
5764	10
5765	0
5762	0
5763	21
5760	26
5761	18
1531	24
5181	3
8192	106
8193	14
5186	21
6435	0
8191	60
2256	3
8196	2
6432	60
8194	48
1626	0
8195	0
75	284
7427	57
7426	7
7425	17
7424	25
7423	62
7422	0
7421	373
7420	2
2250	60
7429	55
7428	2
5184	19
6600	0
6601	340
6602	0
6603	5
6604	95
6605	165
6606	9
6607	125
6608	0
6609	0
1624	7
2974	34
78	207
1043	93
1042	373
5360	691
5361	20
5366	7
5367	28
4571	68
5364	7
5365	0
2358	13
2359	101
2352	24
2353	0
2350	1078
2351	92
2356	4
2357	372
2354	0
2355	92
5369	39
1898	579
1899	121
3739	173
3738	126
1894	20
1895	31
1896	126
1897	5
3733	117
1891	0
1892	3
1893	262
4923	14
4690	21
4693	16
4692	5
4695	0
4694	28
2130	101
4696	22
4699	7
4698	58
4929	34
4928	5
2138	77
2139	43
5160	16
5161	0
5162	9
5163	81
5164	7
5165	7
5166	0
5167	88
5168	0
5169	0
4802	52
4803	522
4804	0
4805	4
2783	315
2782	5
8257	20
1268	90
8253	13
8252	0
2079	0
667	104
2078	42
1262	28
1261	560
1799	193
664	0
1793	52
1267	3
1791	14
1790	11
1797	0
1796	88
1795	16
1266	16
6848	17
6849	155
661	8
6842	0
6843	74
6840	432
6841	0
6846	100
6847	156
6844	69
6845	74
2077	85
2076	233
8233	34
6591	212
8231	2
6593	96
8237	19
8236	25
6596	57
6597	175
6598	1
6599	9
8239	3
8238	7
7638	6
7639	0
7632	93
7633	0
7630	16
7631	46
7636	33
7637	9
7634	43
7635	14
5344	31
9169	0
1024	65
1241	15
3093	86
3090	5
3091	0
3096	84
1244	234
1247	7
3095	180
649	268
648	5
3098	37
3099	20
5346	59
1539	46
1538	6
4101	6
4100	39
4103	0
4102	0
4105	0
4104	18
4107	119
4106	148
4109	0
4108	15
7613	37
3898	13
3899	285
3892	699
3893	243
3890	28
3891	6
3896	2
3897	47
3894	83
3895	386
5951	5
5950	0
5953	3
5952	26
5955	180
5954	45
5957	0
5956	0
5959	39
5958	24
3375	1
653	0
3265	39
1991	208
6981	0
3038	31
6039	2
6038	0
6033	5
6032	112
6031	22
6030	19
6037	16
6036	32
6035	13
6034	85
9205	155
9204	44
2659	7
2658	26
9201	90
9200	43
9203	7
9202	118
2653	125
2652	20
2651	2
2650	77
9209	129
2656	156
2655	18
2654	7
7388	40
7389	5
7382	6
7383	141
7380	4
7381	25
7386	14
7387	7
7384	24
7385	154
9061	0
9060	78
9063	0
9062	54
9065	74
9064	0
9067	0
9066	0
9069	0
9068	2
3562	9
3563	5
3560	25
3561	157
3566	3
3567	73
3564	530
3565	6
3568	3
3569	117
4484	165
4485	0
4486	65
4487	38
4480	373
4481	2
4482	16
4483	66
2489	283
4488	10
4489	139
2903	54
2902	19
2901	227
2900	112
708	50
2906	0
2905	26
147	17
704	88
705	2
706	265
2908	4
700	9
701	150
702	486
703	13
5319	33
5318	59
5313	35
5312	41
5311	35
5310	3
5317	130
5316	34
5315	552
5314	15
2487	5
1630	1
3215	254
1632	15
3153	184
3152	65
3151	2
3150	33
3157	187
3156	63
3155	34
3154	12
1982	11
3159	5
3158	0
3211	655
1980	372
1981	38
2485	20
2482	45
8574	25
8575	0
8576	33
8577	4
8570	87
8571	25
8572	0
8573	17
8578	4
8579	86
2015	331
1264	236
2481	137
7409	26
7408	0
7405	1
7404	8
7407	0
7406	32
7401	1
7400	0
7403	0
7402	9
2815	359
569	247
6628	0
6629	242
6626	55
6627	1
6624	13
6625	470
6622	52
6623	4
6620	19
6621	57
2819	309
2818	0
2330	577
4715	22
4716	1
4717	119
2334	726
4711	0
2336	114
2337	23
2338	28
2339	98
1341	156
4719	8
3715	7
3714	42
3717	125
3716	303
3711	0
3710	5
3713	38
3712	0
1342	7
3719	182
3718	367
8189	2
4909	54
4908	0
2488	53
4678	6
4677	46
4676	252
4675	0
4674	136
4673	27
2483	0
4671	0
4670	661
8188	15
5148	2
5149	46
5146	15
5147	336
5144	2
5145	3
5142	0
5143	8
5140	86
5141	149
120	89
121	49
122	250
123	0
124	596
125	170
126	192
127	513
128	46
129	76
7957	5
1188	0
7956	27
1189	365
7223	33
3377	16
7954	0
3376	2
7225	11
1184	367
7952	1
1185	4
7227	5
3373	5
7226	20
5420	350
9164	4
1180	20
9165	0
3370	134
7247	119
7246	21
7245	124
7244	7
7243	17
7242	0
7241	34
7240	31
7249	0
7248	56
9162	31
7958	1
6820	112
6821	0
6822	8
6823	207
6824	20
6825	0
6826	0
6827	0
6828	0
6829	7
1902	150
8817	0
8816	96
8815	0
8814	0
8813	82
8812	54
8811	86
8810	22
8819	55
8818	38
8219	503
6495	218
8749	3
8748	13
8747	0
8210	0
8745	17
8212	150
8743	1
8742	27
8741	8
8740	11
7650	30
7651	0
7652	9
8173	0
7654	24
7655	3
7656	17
7657	4
7658	33
6491	55
6490	21
1997	62
8176	42
8177	21
3390	63
5440	0
2225	15
2542	7
1519	78
1518	318
1515	23
1514	42
1517	16
1516	6
1511	679
1510	442
1513	0
1512	87
3395	67
2220	55
3397	0
3396	9
1900	70
6968	14
263	0
262	5
261	81
260	7
267	293
266	213
265	42
264	0
269	0
268	65
6011	10
6010	35
6013	88
6012	18
6015	215
6014	0
6017	25
6016	150
6019	0
6018	88
9263	298
9262	0
988	109
9260	7
9267	0
9266	2
9265	10
9264	0
982	933
983	183
9269	4
981	3
986	144
987	34
984	4
985	73
9089	45
9088	12
9087	40
9086	22
9085	0
9084	84
9083	29
9082	10
9081	0
9080	5
3508	0
3509	24
5089	82
5088	58
5083	13
5082	13
3502	32
5080	105
3504	54
3505	79
3506	2
3507	202
2671	5
2670	60
2673	342
2672	5
2675	8
2674	0
2677	36
2676	4
2679	0
2678	0
1209	7
2929	2
2928	209
2921	42
2920	47
2923	29
2922	128
2925	65
2924	70
2927	39
2926	50
5331	15
5330	45
5333	13
5332	277
5335	50
5334	7
5337	3
5336	0
5339	34
5338	97
3179	37
3178	18
2037	67
2366	7
3171	3
3170	7
3173	31
3172	150
3175	0
3174	2
3177	51
3176	19
726	244
727	37
724	1
725	28
722	24
723	308
720	220
721	7
728	13
729	29
1164	15
1165	26
1166	113
1167	325
1160	75
1161	0
1162	13
1163	21
1168	10
1169	22
472	7
473	11
1364	7
1380	19
471	55
476	40
2785	1029
1363	65
5252	0
1360	249
9385	16
3190	58
9386	0
1381	5
8552	114
8553	65
8550	53
9387	55
8008	0
8557	40
8554	4
8555	0
8004	63
8005	20
8558	17
8007	4
8000	25
8001	8
8002	14
8003	33
5254	53
2032	23
790	161
7469	115
7468	11
3199	92
7463	66
7462	65
7461	19
7460	0
7467	146
1719	88
7465	7
1864	305
1718	54
1869	0
1868	187
2918	58
4930	18
4687	37
4684	20
4933	15
4934	45
4683	0
4732	82
4733	0
4730	10
4731	49
4736	7
4737	351
4734	599
2319	7
2316	65
2317	57
2314	47
2315	86
2312	4
2313	36
2310	0
2311	323
5854	19
5855	2
5856	551
5857	27
5850	35
5851	678
5852	31
5853	0
5858	4
5859	22
3773	310
3772	14
3771	0
3770	27
3777	25
3776	68
3775	13
3774	262
3779	134
3778	8
4655	43
4654	12
4657	39
4656	8
4651	3
4650	0
4653	638
4652	54
4659	144
4658	134
7889	21
7888	72
7881	0
7880	0
7883	2
7882	66
7885	7
7884	4
7887	0
7886	10
7035	2
108	2
109	0
102	27
103	99
100	228
101	44
106	273
107	0
104	22
105	363
7037	5
7517	14
7269	32
7268	0
345	61
7265	0
7264	329
7267	36
7266	10
7261	40
7260	0
7263	13
7262	4
6204	6
6205	20
6206	22
6207	115
6200	64
6201	15
6202	36
6203	0
340	0
6208	79
6209	50
7512	27
7511	8
6808	11
6809	32
6806	0
6807	24
6804	6
6805	427
6802	17
6803	80
6800	2
6801	0
8839	37
8838	12
8835	110
8834	1
8837	0
8836	12
8831	8
8830	33
8833	0
8832	36
7678	24
7679	5
7676	38
7677	0
7674	0
7675	1
7672	0
7673	375
7670	86
7671	2
1759	467
1758	243
1757	181
1756	103
1755	129
1754	151
1753	71
1752	0
1751	76
1750	16
1285	8
1284	6
1287	117
1286	0
1281	20
1280	137
1283	148
1282	181
1289	1
1288	721
8765	185
8764	55
1579	396
1578	471
689	13
8760	68
8763	98
8762	7
685	61
1572	230
1571	3
686	46
681	130
1576	102
683	0
682	15
8053	0
8500	9
8051	0
8502	15
8057	30
8504	39
8507	28
5629	214
5628	26
5627	429
5626	0
5625	0
5624	2
5623	2
5622	0
5621	33
5620	23
8493	56
8492	9
8491	6
8490	3
8497	0
8496	46
8495	60
8494	14
8499	23
8498	0
1242	20
5995	316
5994	16
5997	57
5996	0
5991	127
5990	72
5993	0
5992	23
5999	111
5998	3
1245	126
1622	23
6781	54
6780	2
6783	39
6782	29
6785	27
6784	648
6787	32
6786	43
6789	5
6788	14
1246	47
7498	1
245	54
244	375
247	0
246	175
241	95
240	529
243	8
242	20
249	281
248	206
2154	104
7490	1
9249	1
9248	0
7491	21
9241	26
9240	6
9243	34
9242	2
9245	0
9244	106
9247	18
9246	0
3698	22
3699	6
3690	373
3691	5
3692	318
3693	1100
3694	10
3695	9
3696	20
3697	0
3526	6
3527	0
3524	309
3525	11
3522	232
3523	56
3520	255
3521	65
3528	58
3529	5
2699	11
2698	1
2697	0
2696	210
2695	0
2694	4
2693	90
2692	78
2691	88
2690	0
2151	0
1362	16
4534	160
1142	2
1143	103
1140	122
1141	6
1146	97
1147	20
1144	123
1145	11
1148	68
1149	58
2967	28
769	64
336	117
7199	14
7198	81
7193	0
7192	18
7191	16
7190	164
7197	0
7196	12
7195	0
7194	16
6402	352
400	111
10	0
766	10
6400	14
767	732
8538	19
8539	63
8028	3
8029	11
8022	20
8023	45
8532	0
8021	35
8534	8
8535	26
8536	0
8025	0
7441	43
7440	117
7443	0
7442	29
7445	30
7444	2
7447	79
7446	0
7449	347
7448	49
6405	13
19	82
8184	5
8187	74
8186	6
4282	26
4283	1
4280	16
4281	0
4286	49
4287	80
4284	28
4285	1
4288	4
4289	26
380	17
381	1
382	0
383	5
384	520
385	33
386	0
387	73
388	845
389	21
4758	12
4759	77
1369	110
4750	6
4751	19
4752	18
4753	387
4754	22
4755	0
4756	10
4757	51
5872	375
5873	31
5870	24
5871	0
5876	0
5877	19
5874	85
5875	7
5878	4
5879	26
1074	21
3759	0
3758	7
5376	46
3751	250
3750	11
3753	1
3752	13
3755	384
3754	18
3757	49
3756	9
4633	32
4632	48
4631	594
2193	121
2194	11
4636	258
4635	19
2197	140
2198	23
2199	25
4639	109
4638	227
4813	94
2047	122
4811	28
4810	92
168	343
169	162
164	28
165	18
166	21
167	3
160	178
161	197
162	355
163	1
4815	85
2041	0
6194	16
6195	37
6196	0
6197	130
6190	57
6191	384
6192	34
6193	83
6198	5
6199	9
2734	0
2735	0
2736	13
2737	142
2730	43
2731	55
2732	199
2733	35
2738	82
2739	205
9186	22
9187	1
9184	9
9185	4
9182	2
9183	5
9180	8
9181	0
8224	62
9188	0
9189	0
7209	5
7208	4
7203	0
7202	21
7201	4
7200	41
7207	8
7206	67
7205	39
7204	137
6222	27
6223	2
6220	55
6221	5
6226	50
6227	0
6224	67
6225	82
6228	7
6229	58
5558	31
809	8
8858	6
803	12
802	33
801	41
8850	31
8857	1
806	4
805	1
8854	23
1775	19
1774	17
1777	97
1776	109
1771	0
5271	5
1773	58
5273	24
5278	0
1778	0
9286	28
2979	0
1551	74
1550	169
1553	88
1552	50
1555	65
1554	2
1557	89
1556	19
3034	105
1558	355
3036	1
3037	85
3030	9
3031	23
3032	76
3033	110
8703	0
8702	0
8701	5
8700	49
8707	0
8706	21
8705	15
8704	0
8709	28
8708	56
5605	0
5604	49
5607	369
5606	23
5601	0
5600	4
5603	30
5602	154
5609	0
5608	20
6424	1
6425	99
6426	59
6427	29
6420	140
6421	23
6422	3
6423	1
6428	0
6429	26
6769	81
6768	26
6767	89
6766	20
6765	18
6764	184
6763	61
6762	88
6761	0
6760	45
229	146
228	35
227	433
226	234
225	69
224	119
223	12
222	15
221	23
220	6
1192	11
372	257
5095	553
2509	213
2508	196
2507	0
2506	895
2505	141
2504	45
2503	0
2502	20
2501	100
2500	109
5049	15
5048	40
5047	3
5046	317
5045	0
5044	5
5043	33
5042	0
5041	0
5040	140
2160	70
1256	222
1525	12
1254	48
0	14
1357	328
1520	36
1521	187
5182	26
1522	154
1990	106
1523	22
3205	72
3204	108
1627	212
1994	0
3201	4
1996	0
1629	77
1128	39
1129	16
5189	0
1120	136
1121	59
1122	28
1123	5
1124	34
1125	119
1126	47
1127	85
8040	78
8041	5
8042	7
8043	36
8044	23
8513	4
8046	0
8047	33
8048	0
8049	0
8518	2
8519	16
559	24
2865	36
2868	225
2869	189
1197	98
4776	134
4777	0
4774	126
4775	115
4772	0
4773	233
4770	146
4771	119
4778	31
4779	176
5818	0
5819	11
5810	1
5811	64
5812	23
5813	0
5814	7
5815	104
5816	10
5817	73
2009	253
4619	27
4618	20
4611	105
4610	178
4613	60
4612	429
4615	8
4614	32
4617	8
4616	38
2705	281
2704	2
4882	90
146	225
5458	190
144	60
145	12
142	42
143	220
140	238
141	1
2701	42
148	126
149	1
2703	1
754	106
4887	37
3092	47
1191	28
5451	5
3340	47
2712	73
2713	2
2710	32
2711	0
2716	6
2717	0
2714	30
2715	12
1195	3
2718	368
2719	388
1194	50
7221	10
7220	77
7955	69
7222	29
9168	22
7224	41
7951	0
7950	22
7229	499
7228	51
9166	8
9167	50
9160	2
9161	0
7959	83
9163	1
9174	3
6248	0
6249	52
6240	4
6241	20
6242	0
6243	25
6244	226
6245	27
6246	26
6247	0
8871	20
8870	21
8873	0
8872	5
8875	26
8874	24
8877	27
8876	14
8879	20
8878	0
829	183
828	13
825	75
824	63
827	44
826	16
821	104
820	17
823	42
822	1
6976	0
6977	58
8161	1
6975	0
8167	0
6973	5
1713	0
1712	0
1711	0
1710	658
5256	263
1716	61
1715	25
5255	15
5258	36
5259	63
3018	488
3019	56
3012	532
3013	81
3010	4
3011	12
3016	39
3017	0
3014	13
3015	69
8729	4
8728	18
8721	29
8720	11
8723	2
8722	11
8725	0
8724	2
8727	13
8726	18
4189	189
4188	6
4181	135
4180	115
4183	57
4182	10
4185	10
4184	0
4187	274
4186	7
5663	13
5662	0
5661	7
5660	26
5667	1
5666	78
5665	35
5664	0
5669	68
5668	0
3197	47
3196	8
11	50
6403	76
13	42
6401	36
6406	16
6407	7
6404	44
16	192
8185	0
18	31
6408	336
6409	0
8181	17
8180	0
8183	0
8182	49
7764	0
7765	134
7766	7
7767	6
7760	5
7761	1
7762	31
7763	65
7768	18
7769	43
3904	2
3905	0
3906	9
3907	74
3900	12
3901	39
3902	132
3903	49
3908	213
3909	1
6745	11
6744	0
6747	5
6746	8
6741	7
6740	14
6743	218
6742	191
6749	9
6748	20
9381	22
201	164
200	1344
203	24
202	262
205	20
204	54
207	414
206	579
209	87
208	20
3476	238
831	22
836	79
837	1
834	97
835	1
838	55
8887	7
3478	11
3479	0
3658	6
3659	10
3654	22
3655	1
3656	69
3657	129
3650	40
3651	33
3652	0
3653	0
2525	87
2524	78
2527	26
2526	117
2521	19
2520	0
2523	46
2522	419
2529	240
2528	84
5065	124
5064	8
5067	0
5066	23
5061	6
5060	34
5063	25
5062	16
5069	4
5068	18
4408	62
4409	1519
4404	16
4405	74
4406	8
4407	33
4400	0
4401	3
4402	6
4403	1
928	53
929	14
920	0
921	90
922	121
923	346
924	0
925	329
926	1274
927	44
5393	8
5392	20
5391	30
5390	32
5397	89
5396	288
5395	51
5394	11
5399	27
5398	345
6990	115
7451	80
5795	635
688	100
9397	0
785	44
786	187
9394	0
780	38
781	4
9391	0
9390	8
788	37
789	162
9399	15
9398	0
1371	65
7159	4
7158	65
7157	14
7156	6
7155	127
7154	5
7153	24
7152	2
7151	20
7150	0
4099	2
404	18
1375	347
8602	0
402	68
784	310
6594	4
1377	11
8068	0
9396	56
8066	0
8067	10
8064	3
8065	9
8062	6
9395	0
8060	0
8061	58
7485	65
7484	41
7487	0
787	545
7481	8
7480	10
7483	13
7482	90
9393	0
7489	0
7488	0
9392	33
2899	250
782	228
2895	74
2894	19
2897	0
783	93
2891	1
2890	278
2893	35
2892	8
1454	540
5245	78
1456	87
1457	1
1450	197
1103	73
1100	275
5244	9
1458	15
1724	62
1108	432
1109	44
1725	4
1722	8
1723	47
3737	359
5243	17
3736	0
6907	57
5242	51
3735	83
3734	243
1890	14
1837	193
3732	82
3731	0
680	57
4691	18
2137	912
2134	9
2135	9
4798	396
4799	13
4794	49
4927	1
4796	1
4797	148
4790	40
4791	36
4792	7
2133	20
5836	11
5837	6
5834	0
5835	19
5832	0
4697	197
5830	66
5831	20
2131	0
5838	3
5839	174
8128	17
6903	41
6902	1
4	38
6497	24
6901	25
2778	24
2779	0
4899	8
4898	30
4893	104
2771	101
2772	32
2773	34
2774	12
2775	125
4895	47
4894	2
9148	55
3286	0
7979	3
7978	207
4901	19
7975	9
7974	0
7977	38
7976	0
7971	5
7970	4
9144	0
7972	57
6266	157
379	0
6264	155
6265	79
6262	196
6263	8
6260	37
378	302
7964	15
6268	0
6269	103
7528	11
3467	47
846	67
3465	18
3464	182
3463	44
842	593
8899	36
3460	7
8897	5
8896	24
8895	17
8894	0
8893	23
8892	6
8891	103
8890	8
1739	3
5239	149
5230	95
5231	12
5232	62
5233	0
5234	46
5235	0
5236	10
5237	59
2404	11
4907	1
1595	0
3071	0
3072	0
1596	4
3074	25
1590	73
3076	9
1592	9
3078	119
3079	3
1599	58
1598	465
2402	69
5649	230
5648	121
5641	148
5640	44
5643	5
5642	0
5645	124
5644	1
5647	19
5646	0
8069	4
2401	34
450	0
8063	170
489	99
488	0
487	0
486	65
485	92
484	68
483	455
482	94
481	423
480	88
6468	18
6469	18
6460	9
6461	34
6462	190
6463	9
6464	0
6465	98
6466	3
6467	80
7742	5
7743	8
7740	21
7486	22
7746	1
7747	67
7744	64
7745	40
7748	0
12	32
3922	119
3923	11
3920	36
3921	41
3926	14
3927	2
3924	1
3925	59
3928	18
3929	15
8307	35
8306	0
6721	0
8304	21
6727	200
6726	18
8301	35
8300	0
15	133
6729	116
6728	3
8309	0
8308	8
453	0
14	19
6099	26
6098	1
17	99
6091	69
6090	34
6093	34
6092	51
6095	0
6094	6
6097	1
2898	27
655	205
3295	8
2896	0
1452	119
3678	48
3679	18
3672	227
3673	38
3670	12
3671	3
3676	136
3677	8
3674	101
3675	80
2543	7
1106	11
2541	159
2540	34
2547	2
2546	498
2545	7
1455	13
2549	42
2548	24
1104	0
1105	29
3297	8
1102	0
1451	39
3580	138
3581	44
5001	57
5000	7
3584	20
5006	5
5005	429
5004	73
3588	4
3589	4
5009	12
1101	166
902	194
903	1
900	844
901	11
906	18
907	0
904	16
905	54
4422	0
4423	115
4420	178
909	134
4426	0
4427	43
4424	120
1459	112
8746	0
1453	0
3293	124
8934	13
8935	21
8936	12
8937	0
8930	0
8931	0
8932	104
8933	82
8938	48
8939	0
7175	34
7174	282
7177	51
1798	0
7171	20
7170	0
7173	2
7172	8
7179	0
7178	62
2916	1
2917	13
1696	223
1697	46
1694	1
1695	64
1692	23
1693	0
1690	0
1792	9
715	49
1698	194
1699	42
1794	206
1472	0
1473	120
1470	10
1471	133
1476	7
1477	60
1474	380
1475	191
1478	4
1479	20
4228	257
4229	8
8624	89
4224	15
4225	18
4226	21
4227	148
4220	6
4221	18
4222	23
4223	6
5586	14
5587	2
26	373
27	64
20	1
21	142
5580	101
5581	26
28	31
29	7
5588	43
5589	82
5308	198
1068	0
3730	135
5300	416
5301	0
5302	36
5303	3
5304	3
1064	146
5306	70
1066	24
4922	75
4921	4
2288	123
2289	34
2280	488
2281	35
2282	161
2283	145
2284	39
2285	119
2286	26
2287	187
2055	50
4920	16
2054	353
8314	29
4828	110
6731	129
2056	0
6732	85
4826	84
8317	8
2058	1146
8310	49
4536	1
8311	813
9120	11
6590	0
9122	33
4537	163
9124	0
6736	148
9126	56
9127	0
9128	0
9129	15
8313	2
6592	0
4531	53
7919	12
7918	9
4532	0
4795	40
7913	18
4926	302
7911	577
4533	9
7917	46
7916	14
7915	69
6595	155
9403	82
6288	1
8235	4
7981	8
6284	65
6285	45
6286	0
6287	93
6280	159
6281	0
6282	3
6283	4
182	237
183	14
180	61
181	83
186	141
187	221
184	7
4925	36
9407	94
188	166
4793	18
7985	0
9405	32
9404	1
4592	26
4924	103
5833	19
869	5
868	56
652	4
3449	249
3448	255
3445	15
860	587
863	77
3446	99
865	0
864	29
3443	57
866	123
2756	17
4593	42
2754	101
2755	194
2020	345
2021	36
2750	7
2023	189
2028	18
2029	0
2758	63
2759	80
4590	13
5216	24
5217	13
5214	29
5215	35
5212	159
5213	9
5210	0
5211	41
5218	33
5219	33
4591	14
4596	396
3058	0
3059	3
3056	71
4801	118
3054	74
3055	12
3052	66
3053	20
3050	82
3051	306
4597	8
4594	37
8	0
1317	19
1316	110
1315	70
1314	2
1313	86
1312	154
1311	99
1310	19
1319	18
1318	48
6914	30
6447	34
6916	0
6917	1
6910	18
6911	55
6440	0
6441	0
6918	39
6919	0
6448	51
6449	0
3304	20
7728	170
7729	75
7720	0
7721	0
7722	32
7723	19
7724	17
7725	55
7726	34
7727	22
3948	0
3949	36
3940	568
3941	1
3942	75
3943	124
3944	191
3945	29
3946	5
3947	14
6709	30
6708	48
8329	7
8328	146
6454	16
8325	82
8324	31
6703	15
6702	17
8321	11
8320	5
6707	207
6706	54
3841	0
7535	16
7534	7
4057	37
4056	46
4055	11
4054	285
4053	181
4052	190
4051	151
4050	64
4059	7
4058	4
3843	31
3610	6
3611	7
3612	0
3613	39
3614	0
3615	55
3616	361
3617	212
3618	966
3619	651
3842	43
7536	41
2569	0
2568	105
2140	530
2561	427
2560	1
2563	3
2562	118
2565	44
2564	354
2567	79
2566	28
3845	165
5029	0
5028	44
5021	0
5020	26
5023	130
5022	16
5025	262
5024	0
5027	64
5026	187
4440	159
4441	42
4442	48
4443	7
4444	11
4445	3
4446	22
4447	248
4448	245
4449	218
964	28
965	44
966	357
967	14
960	2
961	96
962	41
963	600
968	19
969	43
1537	67
4965	27
1240	198
1243	0
1534	15
1533	486
3097	32
3094	8
1530	81
1249	6
1248	437
5199	75
3237	213
3234	24
3235	8
641	14
8912	28
8913	14
8910	0
8911	12
8916	55
8917	8
8914	56
8915	0
8918	2
8919	0
3238	3
1107	73
5196	3
1960	0
640	148
5190	49
7113	4
7112	0
7111	326
7110	11
7117	7
7116	38
7115	2
7114	60
7119	78
7118	65
707	50
643	208
4499	5
1678	133
1679	53
1674	6
1675	6
1676	0
1677	2
1670	65
1671	269
1672	6
1673	117
642	9
4498	4
7291	204
645	119
1418	18
1419	14
1410	36
1411	4
1412	0
1413	0
1414	80
1415	44
1416	45
1417	8
644	157
3963	236
4208	95
4209	44
4202	24
4203	0
4200	18
4201	439
4206	0
4207	15
4204	4
4205	511
647	402
5568	2
5569	23
5564	3
5565	14
5566	27
5567	86
5560	0
5561	31
5562	0
5563	10
646	108
308	101
309	84
300	47
301	232
302	74
303	34
304	60
305	345
306	208
307	19
1485	590
7968	43
7297	471
5180	60
2770	0
4892	124
4891	14
4890	308
4897	11
4896	356
2776	105
2777	651
470	49
6118	2
6119	29
6114	5
6115	4
6116	45
6117	18
6110	1
6111	35
6112	3
6113	135
5039	12
9149	3
7066	28
7283	0
7282	20
7281	50
7280	82
7935	273
7934	168
9108	0
7284	44
9454	1
9107	6
9104	30
9457	72
9450	2
9451	5
9100	5
9453	4
9142	0
9143	9
9140	43
9141	0
9146	31
9147	0
7973	6
9145	0
6267	6
627	224
474	0
3429	108
3428	39
3423	50
3422	38
3421	21
6261	1
3427	271
3426	15
3425	42
3424	0
2002	1
2003	1
2000	632
2001	37
4589	0
4588	29
2004	404
4858	13
4857	150
4584	223
4587	409
4586	150
4853	57
4852	14
4851	9
4850	55
625	255
6965	42
7393	138
8629	3
8158	4
6966	0
6969	8
8625	88
8626	80
8155	13
8620	2
8621	28
8622	402
8151	79
1087	5
1086	48
1085	942
1084	0
1083	0
1082	13
1081	7
1080	17
1089	140
8766	30
8859	50
8761	8
449	0
448	187
1339	0
1338	131
443	101
1334	24
441	4
440	6
447	0
1330	1
1333	17
1332	312
6932	26
6933	0
6930	7
6931	37
6936	45
8698	27
6934	2
6935	8
8695	34
8126	6
8697	9
8696	0
8691	6
8690	164
8693	27
8120	18
7706	13
7707	0
39	208
7705	125
7702	8
7703	0
7700	130
7701	17
33	531
32	104
31	12
30	23
5187	3
36	26
35	35
7709	51
1903	33
7514	48
8349	0
8348	32
8343	28
8342	59
8341	12
8340	3
8347	8
8346	11
8345	18
8344	0
847	65
3466	2
845	29
844	5
843	453
3462	2
4079	28
3461	0
4075	57
4074	13
4077	24
4076	157
4071	49
4070	390
4073	79
4072	7
3966	10
841	3
3964	10
3965	0
3962	576
5792	17
3960	105
5790	37
7510	19
5799	1
3969	72
3638	144
3639	415
3636	27
3637	5
3634	23
3635	12
3632	20
3633	0
3630	57
3631	0
3469	0
3468	33
8769	72
4468	7
4469	9
4466	19
4467	32
4464	9
8856	7
4462	0
4463	6
4460	15
4461	40
948	0
949	704
946	95
947	47
944	1
945	23
942	406
943	45
940	67
941	10
6452	1
2410	1
5185	6
6327	0
6326	0
6325	27
6324	209
6323	50
6322	21
6321	142
6320	33
6329	0
6328	0
6457	22
6971	11
849	9
6456	0
8978	15
8979	198
8970	5
8971	51
8972	213
8973	18
8974	0
8975	7
8976	63
848	0
7139	25
7138	20
7131	18
7130	29
7133	5
7132	32
7135	0
7134	0
7137	34
7136	22
1658	540
1659	62
1652	29
1653	6
1650	9
1651	9
1656	0
1657	541
1654	10
1389	0
586	127
5238	546
584	277
585	73
582	137
583	14
580	13
581	663
588	113
589	40
2839	0
2838	64
2837	265
2836	251
2835	92
2834	0
2833	12
2832	11
2831	92
2830	11
3391	26
5406	0
5405	121
5404	334
1432	129
1433	102
1430	249
5400	27
3399	145
3398	78
1438	90
5408	46
1731	0
1730	14
1733	29
4260	166
4261	280
4262	128
4263	0
4264	76
4265	18
4266	232
4267	5
4268	44
4269	3
1734	7
3702	58
1737	132
1886	57
1736	15
3700	140
5548	89
5549	31
5542	1
5543	0
5540	50
5541	8
5546	95
5547	25
5544	4
5545	71
1881	66
8598	4
8599	16
8596	273
8597	1
8594	53
8595	0
8592	5
8593	5
8590	0
8591	0
5890	0
5891	0
5892	0
5893	52
5894	6
5895	0
5896	25
5897	141
5898	13
5899	313
2124	4
2127	14
2126	34
2129	0
8447	5
2128	0
4914	9
4667	55
4863	14
4912	158
4661	12
4910	392
4911	117
7941	15
322	165
323	77
320	4
321	42
326	1
327	7
324	0
325	10
328	1
329	64
4861	1744
3070	76
6138	87
6139	69
1594	35
6132	7
6133	7
6130	1
6131	200
6136	0
1597	382
6134	0
6135	27
3073	771
1591	11
3075	0
1593	2
3077	431
9207	7
9206	0
3252	24
2248	46
2249	88
2244	4
2245	102
2246	158
2247	112
2240	0
2241	185
2242	1
2243	35
2657	283
9208	55
3401	1
3400	15
3403	1
3402	1135
3405	2
3404	25
3407	3
3406	318
3409	34
3408	28
364	88
4875	1
4874	86
4877	517
4876	3
4871	3
4870	36
4873	0
4872	159
7531	52
4879	2
4878	4
363	80
2068	11
2069	57
2798	88
2799	30
7533	67
2792	10
2793	70
2062	1
2791	0
2796	57
2065	41
2066	30
2795	19
4855	192
8211	12
9401	21
6178	0
7096	13
7097	4
7094	55
7095	1
7092	77
7093	131
7090	10
7091	8
7098	42
7099	37
4883	0
8105	6
8104	0
8107	0
1358	110
469	7
468	104
8103	0
8102	27
465	0
1352	134
1351	1
1350	25
8109	0
8108	36
1355	534
462	356
6958	4
6959	51
6488	8
6489	7
8215	18
6482	47
6483	270
6480	1
6481	11
6486	4
6487	0
6484	11
6957	0
4885	60
8214	38
8361	7
8360	11
8363	6
8362	2
8365	285
8364	38
8367	0
8366	20
8369	13
8368	7
8217	2
3184	77
3185	314
3186	21
3187	186
3180	0
3181	11
3182	0
3183	104
3188	383
3189	45
4019	76
4018	7
4013	0
4012	379
4011	5
4010	0
4017	2
4016	140
4015	163
4014	52
5797	615
3988	193
3989	71
3984	37
3985	163
3986	438
3987	98
3980	87
3981	22
3982	39
3983	7
5796	30
1111	318
1446	19
1113	736
289	167
288	39
1444	6
281	39
280	223
283	34
282	0
285	610
284	99
287	267
1442	55
1441	334
5794	20
5578	71
3430	19
5793	95
2477	0
2476	125
2475	1
2474	13
2473	185
2472	177
2471	89
2470	358
2479	325
2478	24
7874	1
7875	29
7876	4
7877	1
7870	12
7871	3
7872	53
7873	68
7878	0
7879	23
3432	0
6913	57
5791	211
1397	13
6309	8
6308	0
6305	0
6304	120
6307	25
6306	34
6301	82
6300	28
6303	5
6302	41
9319	130
9318	41
9317	3
9316	17
9315	0
9314	0
9313	3
9312	10
9311	7
9310	4
8956	129
8957	36
8954	7
8955	0
8952	10
8953	8
8950	13
8951	44
8958	29
8959	17
3436	121
2907	140
709	146
3214	11
1987	3
3216	0
1985	20
1634	22
1983	68
3212	12
3213	409
1638	1
1639	1752
2904	1583
3218	22
3219	10
1988	31
1989	6
8054	0
3437	5
2909	4
568	178
2814	499
2817	549
2816	119
2811	0
2810	102
2813	56
2812	75
560	443
561	3
562	3
563	82
564	162
565	10
566	66
567	789
5429	2
5428	51
3379	0
3378	8
5425	9
1187	132
5427	219
3374	94
5421	52
3372	47
3371	2
5422	113
4248	61
4249	234
4246	0
4247	44
4244	23
4245	4
4242	19
4243	37
4240	9
4241	63
5520	10
5521	25
5522	0
5523	98
5524	0
5525	32
5526	192
5527	130
5528	0
5529	35
48	30
49	20
46	52
47	14
44	155
45	690
42	556
43	0
40	7
41	0
7741	100
7287	117
4848	1
6547	147
6546	0
6545	29
6544	7
6543	0
6542	94
6541	39
6540	0
6549	442
6548	407
344	92
7516	0
346	39
347	100
7513	18
341	309
342	591
343	252
348	82
349	704
7519	0
7518	4
6150	347
6151	18
6152	3
6153	51
6154	0
2132	29
6156	18
6157	8
6158	20
6159	23
6723	29
6722	120
8305	2
4527	44
6720	32
4526	5
8303	365
4833	16
8302	26
4832	47
6725	162
4835	1
6724	420
4522	54
4521	12
8758	7
4836	0
6586	0
4784	15
8208	74
8209	0
8206	31
2268	40
2269	85
8755	2
2262	77
2263	0
2260	0
2261	34
2266	87
2267	69
2264	6
2265	152
6588	0
7995	0
8202	0
9439	0
8203	67
8752	21
8201	332
9434	4
2046	36
4812	0
2044	39
2045	48
4817	46
4816	112
2040	321
4814	28
8232	274
4819	201
4818	16
2048	0
2049	89
9410	43
9411	0
9412	9
9413	0
9414	0
9415	0
9416	55
9417	27
9418	0
9419	46
8230	0
8265	25
8234	1
1365	6
7078	192
7079	78
7074	59
7075	34
7076	9
7077	16
7070	7
7071	8
7072	1
7073	0
8683	25
8163	15
8162	28
6974	15
8160	0
6972	22
8166	0
6970	151
8164	55
8169	3
8168	7
6978	149
6979	15
8680	8
8389	9
8388	29
8387	13
8386	0
8385	80
8384	23
8383	65
8382	73
8381	11
8380	0
8171	8
4389	10
4388	148
4383	1
4382	46
4381	293
4380	56
4387	2
4386	3
4385	190
4384	15
407	6
406	176
405	404
1372	25
403	141
1374	15
401	0
1376	7
1379	34
1378	13
6096	37
409	54
408	172
4031	97
4030	3
4033	101
4032	211
4035	74
4034	0
4037	40
4036	56
4039	49
4038	741
4530	194
5498	6
2746	11
4919	36
4980	92
2459	32
2458	99
2455	366
2454	61
2457	39
2456	12
2451	215
2450	448
2453	117
2452	72
7852	6
7853	394
7850	9
7851	3
7856	0
7857	147
7854	210
7855	0
7858	33
7859	10
1502	20
1503	0
1500	56
6369	49
6368	78
6363	0
6362	41
6361	10
6360	134
6367	18
6366	34
6365	9
6364	23
9335	36
9334	5
9337	0
9336	16
9331	20
9330	0
9333	5
9332	137
1505	33
9339	14
9338	4
4982	16
7334	0
9296	0
1508	144
7332	4
3086	7
7331	0
9295	12
1601	95
658	557
1600	107
659	59
1975	34
1974	26
1605	0
3220	330
3223	140
3222	167
3232	11
3233	6
3230	32
3231	19
3236	3
1969	47
1618	60
1619	30
5195	0
1617	173
1966	3
3239	30
1612	245
1613	0
1610	422
1611	17
2873	29
2872	124
2871	24
2870	9
2877	39
2876	139
2875	62
2874	0
2879	0
2878	894
3355	275
3354	3
3357	69
3356	82
3351	781
3350	8
3353	230
3352	4
3359	61
3358	107
5449	348
5448	62
5443	6
5442	3
5441	51
2544	91
5447	0
5446	294
5445	11
5444	1
7358	13
5508	2
5509	0
5506	11
5507	7
5504	140
5505	3
5502	9
5503	1
5500	36
5501	0
542	10
543	28
540	19
541	29
546	185
547	158
544	23
545	87
548	121
549	1
6155	1
3880	4
3320	2
6569	24
6568	1
3321	150
6565	27
6564	22
6567	13
6566	13
6561	50
6560	40
6563	12
6562	0
7687	0
7686	14
7685	13
7684	6
7683	6
7682	0
7681	8
7680	0
3324	20
7689	26
7688	16
3827	0
3826	1
3825	53
3824	11
3823	43
3822	9
3821	76
3820	45
3327	62
9157	12
3829	35
3828	94
8444	53
8445	0
8446	0
9156	0
8440	1
8441	39
8442	8
8443	0
5007	0
8448	1
8449	13
3585	10
3586	45
3587	222
7539	30
7538	13
368	114
369	167
366	0
367	55
7537	11
365	22
362	289
7530	31
360	193
7532	116
5008	85
2767	15
9158	30
5133	23
6179	36
6176	35
6177	6
6174	0
6175	5
6172	21
6173	89
6170	6
6171	46
5132	0
3217	1
2200	12
2201	51
2202	46
2203	30
2204	15
2205	10
2206	8
2207	23
2208	11
2209	8
3210	553
4428	33
4429	18
4839	5
4838	2
4529	34
4528	0
4831	38
4830	59
4525	34
4524	159
4523	19
4834	66
4837	40
4520	73
7993	80
7992	6
7991	0
7990	2
7997	0
7996	198
9438	22
7994	98
9436	0
9437	50
7999	6
7998	24
9432	1
9433	3
9430	31
9431	4
4421	11
5298	314
5299	94
5296	3
5297	0
5294	0
5295	16
5292	6
5293	7
5290	199
5291	0
4425	43
8637	0
6995	32
8635	12
6997	0
8145	0
8144	75
8631	6
8146	201
9292	12
9293	66
9290	20
9291	5
7333	0
9297	116
9294	3
7330	0
9298	4
9299	0
7339	0
7338	0
908	51
3039	3
7058	39
7059	14
7052	10
7053	0
7050	2
7051	154
7056	0
7057	300
7054	71
7055	14
8149	73
8148	1
6998	8
6999	26
8639	0
8638	12
8141	424
8636	2
8143	11
8142	57
8633	3
8632	80
8147	41
8630	0
9021	19
2998	13
2999	15
59	33
58	319
2990	7
2991	0
2992	6
2993	143
2994	75
50	1219
53	23
2997	0
55	7
54	33
57	4
56	27
51	389
2995	8
2996	86
52	43
7236	8
536	17
429	34
428	321
1399	143
1398	423
421	116
420	118
423	92
1394	396
425	1600
1392	74
427	120
1390	34
3452	10
7237	1
855	404
530	23
856	50
3451	4
3456	49
851	22
7234	72
852	17
3455	0
7235	30
1422	132
8259	36
3474	0
8258	0
4714	15
2331	3
2332	38
5474	808
2333	220
4710	69
2335	110
4712	7
4713	0
5475	55
6699	0
6698	5
6693	142
6692	52
6691	3
6690	34
6697	155
6696	35
6695	9
6694	179
2439	50
2438	18
2433	0
4718	25
2431	288
2430	22
2437	688
2436	699
2435	244
2434	0
7838	27
7839	11
7830	128
7831	72
7832	1
7833	0
7834	228
7835	27
7836	32
7837	38
6341	16
6340	391
6343	14
3470	30
6345	64
6344	77
6347	5
6346	338
6349	438
6348	20
5473	73
9353	12
3471	224
9351	28
9350	22
9357	63
9356	60
9355	25
9354	45
9359	16
9358	27
3782	163
1806	22
1805	37
1804	177
3786	126
3787	4
1801	72
3785	120
8992	1
8993	40
8990	49
8991	0
8996	2
8997	56
1809	32
1808	152
4996	243
4997	1
4994	237
4995	4
4992	60
4993	10
4990	22
4991	11
4998	18
4999	51
7926	80
3258	86
3259	21
1948	91
1544	111
3250	379
1943	570
1940	23
3253	0
1946	52
1947	53
1944	11
3257	399
2859	9
2858	841
2851	140
2850	12
2853	79
2852	0
2855	107
2854	29
2857	4
2856	287
3333	123
1491	183
1492	6
1493	22
3337	111
1495	135
3335	1
3334	19
1498	141
5468	287
3339	0
1968	120
1395	5
422	61
1393	1
424	9
1391	661
426	11
5437	21
4078	163
524	460
525	27
526	100
527	142
520	240
521	130
522	54
523	160
1541	619
528	129
529	48
1234	56
1235	83
1236	164
1237	23
1230	3
1231	4
1232	0
1233	153
1238	0
1239	202
8286	50
8287	0
8284	13
1964	6
8282	42
8283	0
8280	115
8281	10
8288	33
8289	26
6509	14
6508	0
4679	1
6503	0
6502	119
6501	2
6500	18
6507	0
6506	57
6505	54
6504	3
2486	2
4900	502
4903	56
4902	93
3809	24
3808	85
3805	7
4905	40
3807	81
3806	0
3801	4
3800	88
3803	63
4672	0
8462	17
8463	0
8460	37
8461	59
8466	39
2480	54
8464	12
8465	0
8468	11
4906	249
4827	1
1967	35
7559	1
7558	3
7553	34
7552	3
7551	7
7550	17
7557	68
7556	6
7555	12
7554	27
4174	24
4175	39
4176	58
4177	2
4170	20
4171	2
4172	0
4173	171
1945	662
1961	27
4178	2
4179	46
7176	84
7395	0
1962	52
9272	44
9273	6
9274	6
9275	34
1963	117
2228	52
2229	11
2226	10
2227	24
2224	24
9277	19
2222	36
2223	24
8112	6
2221	942
5924	10
5925	10
5926	18
5927	36
5920	123
5921	0
5922	0
5923	94
5928	1
5929	14
7399	1
8113	10
7398	34
4505	4
4504	0
4507	10
4506	0
4501	285
4500	310
4503	225
4502	1
4509	0
4508	1
2088	5
2089	509
2082	54
2083	21
2080	52
2081	558
2086	130
2087	11
2084	2
2085	0
1691	0
7319	2
7318	11
7315	20
7314	51
7317	24
7316	3
7311	0
7310	22
7313	24
7312	0
9130	15
7030	16
9015	11
9016	0
9017	6
7034	0
9011	0
9012	0
9013	38
7038	358
7039	14
9018	6
9019	34
9137	94
9136	16
7788	67
7789	51
7786	3
7787	114
7784	0
7785	42
7782	24
7783	8
7780	295
7781	47
9135	32
1009	65
1008	104
1007	32
1006	180
1005	11
1004	0
1003	14
1002	122
1001	17
1000	78
4349	6
4348	14
4347	182
4346	7
4345	0
4344	0
4343	49
4342	171
4341	12
4340	21
8615	0
8614	7
8617	97
8616	0
8611	18
8610	0
8613	0
8612	4
8619	3
8618	22
8014	7
8013	182
5719	58
5718	120
5717	78
5716	1
5715	120
5714	3
5713	1
5712	41
5711	87
5710	7
8012	70
3305	249
9271	21
3575	29
5091	37
3301	170
5092	77
7816	0
7817	0
7814	3
7815	0
7812	15
7813	8
7810	39
7811	0
3571	132
7818	24
7819	42
5096	16
5097	6
9276	55
2666	83
4496	17
4495	72
4494	181
4493	0
4492	82
9379	0
9378	0
2660	0
9371	2
9370	92
9373	21
9372	10
9375	0
9374	30
9377	6
9376	27
1829	55
1828	732
1825	67
1824	23
1827	81
1826	3
1821	382
1820	210
1823	133
1822	70
2411	13
2146	56
2145	45
2144	11
2143	38
4979	26
2141	486
2416	380
4974	0
4975	32
4976	5
4977	0
4970	0
4971	0
4972	11
2148	17
1920	169
3277	6
1922	17
3275	0
3272	16
3273	69
3270	0
1927	36
1928	196
1929	102
3278	63
3279	2
1986	0
24	8
25	34
5584	176
3319	4
3318	397
5585	25
5489	51
5488	22
3311	2
3310	154
5485	127
5484	0
3315	10
5482	0
3317	93
3316	28
22	99
23	17
1984	0
7515	0
60	30
61	195
62	154
63	81
64	16
65	23
66	60
67	128
68	590
69	62
508	440
509	40
506	5
507	4
504	87
505	0
502	621
503	263
500	20
501	64
1212	26
631	11
632	52
633	53
1216	15
635	6
636	59
1215	261
638	13
639	933
1218	119
1219	12
6521	122
6520	3
6523	78
6522	0
8268	11
6524	348
6527	8
6526	11
6529	37
6528	22
8266	0
8267	20
8260	32
8261	3
8262	89
8263	0
3869	8
3868	16
3863	81
3862	36
3861	56
3860	52
3867	526
3866	37
3865	112
3864	0
8408	39
8409	6
8400	7
8401	71
8402	51
8403	99
8404	5
8405	9
8406	851
8407	20
7571	11
7570	0
7573	0
7572	22
7575	180
7574	32
7577	85
7576	0
7579	19
7578	4
6342	10
4152	4
4153	50
4150	11
4151	327
4156	0
4157	48
4154	7
4155	0
4158	19
4159	44
5459	7
8334	0
8218	0
8335	0
8138	66
6714	0
8339	16
5902	1
5903	2
5900	16
5901	62
5906	3
5907	0
5904	6
5905	25
5908	367
5909	9
8213	162
3489	0
3488	14
8744	0
3481	2
3480	59
3483	100
3482	2
3485	187
3484	0
3487	2
3486	301
4563	188
4562	24
4561	6
4560	1
4567	135
4566	167
4565	325
4564	81
4569	49
4568	3
7653	9
9352	41
7659	17
6064	218
6065	2
6066	85
6067	89
6060	0
6061	2
6062	29
6063	0
6068	2
6069	44
2604	46
2605	4
2606	12
2607	288
2600	0
2601	67
2602	21
2603	8
2608	0
2609	80
7379	39
7378	32
7373	60
7372	60
7371	0
7370	45
7377	0
7376	4
7375	18
7374	7
1193	3
9032	196
9033	5
9030	30
9031	9
9036	3
9037	17
7018	0
7019	7
7016	36
7017	99
7014	501
7015	5
7012	87
7013	0
7010	105
7011	1
732	107
8132	1
753	1
752	22
751	0
750	7
757	1
756	2
755	10
3783	44
759	42
758	492
3780	8
3781	3
2958	81
2959	0
738	82
2954	80
2955	284
2956	51
2957	0
2950	163
2951	25
2952	561
2953	0
1025	12
5345	2
1027	0
5347	0
1021	0
1020	62
1023	125
5343	74
1800	7
5348	5
1028	27
5456	183
3788	75
4365	82
4364	57
4367	417
4366	37
4361	0
4360	0
4363	289
4362	97
4369	159
4368	12
1196	0
8995	15
3108	359
3109	67
3104	59
3105	158
3106	315
3107	80
3100	148
3101	103
3102	95
3103	105
8673	18
8672	51
8671	80
8670	3
8677	43
8676	3
8675	43
8674	37
8679	12
8678	0
4093	21
4092	202
4091	165
4090	51
4097	1
4096	283
4095	0
4094	47
3326	242
4098	230
5735	8
5734	19
5737	4
5736	156
5731	0
5730	13
5733	139
5732	44
5739	62
5738	44
8097	1
8096	10
8095	33
8094	17
8093	1
8092	4
8091	20
8090	16
1565	122
8099	0
8098	77
8898	0
1738	13
1567	74
6659	19
6658	0
6657	11
6656	22
6655	0
6654	233
6653	127
6652	0
6651	40
6650	36
2125	108
6385	87
6384	8
6387	12
6386	37
6381	36
6380	153
6383	0
6382	156
6389	14
6388	128
2381	1
2380	279
2383	194
2382	1
2385	110
2384	148
2387	41
2386	240
2389	18
2388	86
1949	5
9289	9
7307	12
1849	14
1848	12
1843	21
1842	420
1841	185
1840	68
1847	22
1846	1
1845	221
1844	26
1942	0
4958	0
4959	34
2169	8
2168	0
3251	70
4952	444
2164	153
4950	79
2166	22
4956	1
4957	26
2163	30
2162	800
1941	27
3254	26
3255	95
3298	34
3256	204
1908	51
1909	8
1906	104
5136	25
5135	0
5134	0
3290	1
3291	9
5131	146
5130	135
1732	96
6891	178
6890	64
6893	16
6892	0
6895	220
6894	52
6897	0
6896	32
6899	0
6898	88
1735	101
1278	30
1279	0
618	98
619	74
2042	99
612	85
613	3
1272	523
611	5
616	0
617	18
1276	2
615	90
8798	3
8799	42
8248	0
8249	0
8242	5
8243	3
8792	178
8241	0
8246	44
8247	30
8796	1
8245	64
5461	49
2043	123
3332	0
3331	16
5462	66
5465	11
3336	30
8426	0
8427	55
8424	119
8425	0
8422	11
8423	2
8420	3
8421	0
5466	0
8428	2
8429	46
5469	0
9123	0
1499	49
9125	0
3338	36
3595	503
7599	9
7598	2
7597	10
7596	20
7595	7
7594	201
7593	3
7592	191
7591	48
626	49
3599	5
5035	2
4138	12
4139	0
5375	21
4130	88
4131	23
4132	335
4133	11
4134	0
4135	2
4136	20
4137	0
5692	2
5693	5
5690	136
5691	41
5696	32
3844	650
3847	230
5695	16
3849	357
3848	3
5698	11
5699	18
4465	25
5374	42
7912	3
7910	68
5968	12
5969	1
5960	9
5961	0
5962	54
5963	38
5964	8
5965	14
5966	3
5967	0
4549	118
4548	42
4541	31
4540	0
4543	103
4542	89
4545	26
4544	14
4547	1009
4546	72
1073	9
2594	22
2595	33
2596	15
2597	47
2590	0
2591	1
2592	2
2593	374
2598	15
2599	354
1070	0
5436	3
6042	74
6043	1
6040	0
6041	4
6046	8
6047	17
6044	360
6986	0
5372	54
6048	5
6049	125
6985	163
2622	0
2623	42
2620	0
8601	0
2626	521
2627	4
2624	19
2625	49
6983	80
2628	117
2629	10
8607	0
7351	110
7350	36
7353	137
7352	16
7355	40
7354	36
7357	39
7356	0
7359	2
9235	198
9236	43
8605	4
9230	18
9231	0
9232	63
9233	14
189	62
8204	3
7337	0
9058	16
9059	165
7336	3
9050	5
9051	4
9052	6
9053	10
9054	3
9055	48
9056	0
9057	17
7335	0
775	15
774	29
777	40
776	105
771	18
770	4
773	29
772	27
779	0
778	350
77	225
76	49
2978	71
74	80
73	52
72	149
71	0
70	453
2972	7
2973	9
2970	13
2971	73
2976	88
2977	40
79	0
2975	78
5362	9
5363	23
1041	7
1040	5
1047	21
1046	38
1045	505
1044	16
5368	0
1048	334
5093	26
1506	64
4303	13
4302	25
4301	47
4300	272
4307	1
4306	209
4305	0
4304	474
4309	0
4308	30
1507	109
1072	20
3128	6
3129	3
3122	0
3123	0
3120	120
3121	48
3126	302
3127	18
3124	137
3125	70
8659	7
8658	10
8651	16
8650	0
8653	19
8652	131
8655	521
8654	1
8657	0
8656	10
5753	17
5752	53
5751	80
5750	83
5757	38
5756	0
5755	69
5754	424
5759	226
5758	222
861	32
4609	0
3444	0
5198	14
3447	288
862	3
3441	551
3440	441
867	26
3442	8
840	25
2024	45
2025	92
2026	144
7434	0
7435	52
7436	85
7437	0
7430	0
7431	22
7432	11
7433	34
2752	196
7438	93
7439	6
2753	14
4707	79
2022	69
2322	3
2751	44
4604	0
4705	41
6675	0
6674	15
6677	34
6676	98
6671	1
6670	0
6673	0
6672	20
4703	113
6679	21
6678	0
2326	552
1208	11
4701	57
4700	9
5194	69
8285	10
1614	23
1914	15
1615	1
2369	19
2368	88
2367	449
5253	240
2365	73
2364	72
2363	40
2362	246
2361	49
2360	1
5191	1
1861	183
1860	421
1863	0
1862	1000
3728	3
3729	8
1867	113
1866	0
3724	17
3725	56
3726	96
3727	199
3720	119
3721	283
3722	0
3723	84
4686	33
4931	8
4932	1
4685	74
4682	31
4935	27
4680	62
4937	4
4938	39
4939	0
4688	42
4689	27
2109	108
2108	48
5251	32
2103	0
2102	13
2101	30
2100	4
2107	51
2106	2
2105	251
2104	24
5115	120
5114	21
5117	19
5116	0
5111	5
5110	23
5113	18
5112	2
5119	119
5118	6
5464	0
1717	7
5192	1
5257	515
9	15
890	43
891	60
892	10
893	23
894	91
895	633
896	101
897	38
898	22
899	414
1714	0
1788	267
1789	425
1780	524
1781	83
1782	130
1783	715
1784	10
1785	104
1786	88
1787	6
6879	49
6878	1
6877	24
6876	0
6875	8
6874	13
6873	16
6872	44
6871	471
6870	11
5467	19
3804	1
8220	16
8221	106
8222	14
8223	283
678	73
679	12
8226	16
8227	41
8228	14
8229	0
676	2
677	138
670	273
671	310
672	22
673	0
4649	139
3802	42
7609	123
7608	13
7607	30
7606	3
7605	6
7604	771
7603	136
7602	27
7601	347
7600	110
4642	131
4643	22
2493	153
8467	33
2492	5
2495	128
1965	198
4647	0
2497	2
9178	6
4645	11
8469	17
5354	1
1524	6
1257	25
1526	21
1527	9
1252	527
1253	20
1250	64
1251	89
1528	15
1529	14
1258	20
1259	75
3342	336
4116	0
4117	1
4114	0
4115	315
4112	6
4113	30
4110	3
4111	25
4118	14
4119	96
3343	20
5352	0
1210	126
9261	3
989	47
3057	0
3341	9
5946	88
5947	36
5944	0
5945	0
5942	48
5943	73
5940	159
5941	4
5948	110
5949	68
3346	20
980	460
9268	19
5155	29
3347	68
3345	1
6028	605
6029	13
6020	20
6021	50
6022	0
6023	15
6024	44
6025	40
6026	1
6027	108
2648	15
2649	321
2640	24
2641	454
2642	7
2643	95
2644	38
2645	377
2646	12
2647	59
9218	13
9219	0
9212	29
9213	17
9210	36
9211	0
9216	16
9217	79
9214	0
9215	1
5417	0
6955	9
9234	15
1440	642
9076	4
9077	14
9074	16
9075	0
9072	0
9073	36
9070	20
9071	137
9078	0
9079	5
3557	4
3556	810
3555	539
3554	896
3553	1831
3552	32
3551	20
3550	91
3559	8
3558	19
2910	247
2911	11
2912	0
2913	31
2914	583
2915	70
719	275
718	12
717	0
2919	62
9237	6
714	261
713	191
712	7
711	0
710	67
1069	11
5309	0
1061	0
1060	1
1063	1038
1062	40
1065	134
5305	25
1067	8
5307	82
6956	5
4329	311
4328	14
4321	12
4320	299
4323	7
4322	66
4325	0
4324	10
4327	62
4326	0
3140	5
3141	16
3142	7
3143	70
3144	48
3145	41
3146	42
3147	60
3148	8
3149	218
1359	0
5779	117
5778	9
5771	0
5770	54
5773	50
5772	0
5775	110
5774	0
5777	36
5776	0
9010	2
1633	172
3967	23
7412	47
7413	0
7410	7
7411	27
7416	0
7417	6
7414	91
7415	40
7418	0
7419	9
6613	62
6612	11
6611	20
6610	91
6617	66
6616	86
6615	22
6614	11
6619	50
6618	33
3500	876
1636	1
3501	4
5081	0
3503	19
5087	48
5086	12
1637	0
5085	55
5084	0
2345	10
2344	58
2347	40
2346	4
2341	1
2340	62
2343	7
2342	36
2349	124
2348	75
2067	370
3708	166
3709	25
1889	51
1888	82
1887	0
3703	5
1885	179
3701	2
3706	0
3707	5
3704	0
3705	9
2121	83
2120	5
2123	331
2122	44
4668	0
4669	255
4918	142
6915	191
4664	6
4917	250
4666	248
4915	463
4660	46
4913	78
4662	4
4663	0
6445	102
1356	51
6442	46
6443	14
5173	112
5172	0
5171	211
5170	1
5177	38
5176	83
5175	0
5174	0
5179	0
5178	45
133	2
132	22
131	142
130	23
137	93
136	25
135	205
134	231
139	26
138	141
1	368
410	15
1354	110
7002	132
6838	166
7254	0
7255	0
7256	334
7257	0
7250	57
7251	0
7252	0
7253	32
7258	9
7259	0
7004	0
6855	3
6854	21
6857	30
6856	120
6851	8
6850	344
6853	22
6852	8
6859	33
6858	15
88	14
89	187
82	143
83	8
80	241
81	5
86	124
87	29
84	257
85	308
8804	0
8805	45
8806	1
8807	0
8800	12
8801	16
8802	83
8803	32
8808	540
8809	16
6583	68
6582	4
6581	78
6580	0
6587	21
8759	28
6585	0
6584	20
8754	4
8207	27
8756	21
8757	60
8750	4
8751	17
8200	11
8753	0
7625	3
7624	3
7627	9
7626	25
7621	0
7620	0
7623	43
7622	5
7629	1
7628	61
7288	0
8994	24
185	79
7822	5
9195	0
3368	4
656	0
657	151
654	122
1501	0
3089	125
3088	9
1504	14
651	98
3085	110
3084	105
3087	17
1509	81
3081	132
3080	28
3083	48
3082	17
3369	27
9197	0
3885	122
3884	47
3887	105
3886	0
3881	76
5697	0
3883	50
3882	5
3889	77
3888	20
9196	44
2484	0
1884	13
6701	65
6700	80
1883	46
8327	0
8326	2
6994	47
6705	4
6704	9
8323	48
1882	4
8322	0
6996	55
1880	109
1296	22
6006	1
6007	110
6004	14
6005	11
6002	6
6003	124
6000	81
6001	57
6008	2
6009	37
6991	68
995	28
994	228
7397	13
7396	7
7391	0
7390	27
993	22
7392	1
9278	20
9279	1
999	18
998	26
6992	10
6993	2
9098	36
9099	9
9094	16
9095	0
9096	18
9097	0
9090	0
9091	63
9092	7
9093	0
5098	12
5099	19
3579	38
3578	98
5090	12
3574	41
3577	35
3576	0
5094	41
3570	110
3573	258
3572	15
4497	87
2667	28
2664	0
2665	313
2662	164
2663	40
4491	282
4490	0
2668	56
2669	40
2938	36
2939	4
2936	14
2937	40
2934	281
2935	293
2932	9
2933	0
2930	191
2931	148
5326	38
5327	58
5324	19
5325	106
5322	189
5323	0
5320	0
5321	50
1836	19
5328	91
5329	0
1396	13
6289	107
1743	14
3797	3
3796	0
2161	106
3168	0
3169	310
3166	153
3167	105
3164	92
3165	56
3162	213
3163	56
3160	21
3161	314
2406	29
2407	60
4983	0
731	12
730	809
733	21
2405	0
735	88
734	804
737	181
736	0
739	2
2150	0
4984	490
4987	232
4986	4
2006	22
2007	0
8567	16
8566	21
8565	0
8564	2
8563	0
8562	2
8561	6
8560	2
8569	30
8568	0
7478	48
7479	1
7470	83
7471	0
7472	84
7473	6
7474	0
7475	0
7476	187
7477	11
6639	23
6638	1
6631	9
6630	254
6633	221
6632	1
6635	0
6634	17
6637	33
6636	28
7022	0
3283	0
7021	82
2323	2
4706	2
2321	56
4704	115
2327	355
4702	19
2325	51
2324	46
2329	200
2328	3
4709	67
4708	33
3760	55
3761	10
3762	17
3763	39
3764	26
3765	273
3766	42
3767	102
3768	139
3769	67
1292	33
1293	45
1616	65
286	15
1290	30
2499	13
2498	0
4648	2
1291	4
2491	5
2490	52
4640	1
4641	40
4646	2
2494	4
4644	0
2496	227
1294	115
7898	1
7899	20
7896	126
7897	178
7894	25
7895	32
7892	27
7893	416
7890	2
7891	0
5159	175
5158	62
5151	66
5150	70
5153	204
5152	4
5250	0
5154	24
5157	31
5156	155
115	0
114	30
117	0
116	15
111	153
110	129
113	20
112	11
119	10
118	58
7272	18
7273	8
7270	4
7271	11
7276	2
7277	14
7274	201
7275	0
7278	499
7279	6
8551	16
8556	61
8009	14
6833	60
6832	0
6831	0
6830	263
6837	0
6836	22
6835	32
6834	22
6839	184
1803	195
8006	8
8559	33
8822	24
8823	19
8820	0
8821	22
8826	12
8827	22
8824	21
8825	5
8828	17
8829	4
8778	29
8779	0
8772	6
8773	99
8770	74
8771	6
8776	1
8777	4
8774	0
8775	0
7643	0
7642	0
7641	0
7640	1
7647	6
7646	57
7645	5
7644	3
7649	4
7648	21
9014	21
7031	13
7032	374
7033	5
1748	108
1749	23
1744	15
1745	43
1746	76
1747	41
1740	10
1741	73
1742	0
1486	2
9133	23
7036	0
9132	0
1865	185
3309	29
7924	3
5494	1090
7293	75
5495	20
7294	0
5633	102
1489	5
7295	0
1802	281
5497	0
7296	10
3302	14
9134	1
3303	49
1568	190
1569	96
1298	255
1299	7
5492	170
1560	86
1561	486
1562	26
1563	148
1564	69
1297	247
1566	299
1295	0
5638	4
5639	99
5634	134
5635	20
5636	11
5637	25
5630	71
5631	47
5632	8
7466	10
8480	29
8481	10
8482	5
8483	22
8484	7
8485	0
8486	0
8487	0
8488	11
8489	2
7464	52
