5988	9
5989	1
5982	1
5983	1
5980	6
5981	1
5986	29
5987	2
5984	2
5985	1
6796	1
6797	4
6794	1
6795	2
6792	2
6793	1
6790	1
6791	1
6798	5
6799	1
6294	1
270	7
271	1
272	2
273	2
274	12
275	8
276	5
277	21
278	6
279	5
2143	6
2142	7
3519	11
3518	1
3513	4
3512	1
3511	3
3510	46
3517	1
3516	1
3515	1
3514	12
2688	1
2689	10
2684	1
2685	2
2686	12
2687	13
2680	1
2681	2
2682	1
2683	28
99	1
98	4
91	6
90	11
93	3
92	3
95	25
94	8
97	4
96	2
1177	2
1176	4
1175	3
1174	4
1173	11
1172	11
1171	1
1170	2
1179	1
1178	5
7188	1
876	1
877	1
7180	1
7181	16
7182	1
7183	2
7184	1
3432	1
7186	10
7187	2
623	19
875	1
622	3
872	6
1225	7
3435	28
620	2
8549	5
870	6
8019	3
8018	2
8017	3
627	11
8015	2
871	12
8013	22
8012	3
8011	6
626	1
7456	1
4592	5
7454	11
7455	3
7452	1
625	13
7450	1
2036	4
624	2
4590	1
7458	3
7459	1
4591	5
4596	36
4849	1
4594	3
4595	1
2749	4
4845	7
4598	1
8291	4
4599	3
4734	30
8290	1
4735	5
8293	1
8292	1
2039	7
8295	1
4843	1
4738	4
8294	1
4739	2
8297	1
8296	3
393	1
392	3
391	7
390	1
397	5
396	7
395	36
394	41
399	1
398	3
2309	1
2308	4
4729	1
4728	1
2301	26
2300	1
2303	1
2302	66
2305	9
2304	3
2307	3
2306	2
5847	1
5846	9
5845	13
5844	1
5843	1
5842	13
5841	6
5840	5
5849	1
5848	19
3748	9
3749	30
3746	14
3747	23
3744	10
3745	1
3742	8
3743	12
3740	10
3741	8
4620	17
4621	10
4622	3
4623	12
4624	2
4625	4
4626	2
4627	3
4628	18
4629	1
179	58
178	4
177	4
176	12
175	2
174	1
173	2
172	2
171	7
170	7
7218	1
7219	5
7210	16
7211	9
7212	1
7213	11
7214	4
7215	2
7216	1
7217	42
6217	1
6216	1
6215	1
6214	2
6213	5
6212	1
6211	39
6210	1
6219	1
6218	1
6819	1
6818	1
6811	1
6810	2
6813	2
6812	1
6815	8
6814	1
6817	39
6816	1
8913	2
8848	2
8849	2
8840	6
8841	4
8842	1
8843	1
8844	1
8845	3
8846	8
8847	1
8915	1
7669	4
7668	1
7661	1
7660	1
7663	4
7662	5
7665	7
7664	2
7667	1
7666	1
1768	50
1769	3
1762	14
1763	6
1760	4
1761	1
1766	22
1767	3
1764	8
1765	12
692	16
693	1
690	14
691	3
696	1
697	2
694	6
695	25
698	6
699	12
1548	22
1549	6
8710	1
8711	1
8712	3
8713	1
8714	3
8715	1
8716	3
8717	1
8718	1
8719	1
5618	4
5619	1
5612	1
5613	1
5610	53
5611	1
5616	4
5617	4
5614	15
5615	27
7116	1
7118	7
6778	1
6779	1
6774	5
6775	3
6776	5
6777	1
6770	1
6771	1
6772	6
6773	10
3580	16
258	1
259	7
252	24
253	4
250	13
251	3
256	1
257	3
254	15
255	2
4665	6
3689	21
3688	1
3683	1
3682	11
3681	1
3680	10
3687	1
3686	1
3685	1
3684	1
2518	6
2519	15
2514	5
2515	2
2516	15
2517	1
2510	6
2511	2
2512	1
2513	1
3531	11
3530	2
3533	3
3532	1
3535	5
3534	44
3537	4
3536	3
5054	1
3538	4
5056	2
5057	2
5050	2
5051	35
5052	3
5053	1
1159	16
1158	4
1155	38
1154	6
1157	2
1156	1
1151	5
1150	1
1153	9
1152	4
8035	3
8034	1
8037	17
8036	9
8031	7
8030	4
8033	1
8032	9
8039	1
8038	2
8529	10
8528	27
8523	6
8522	1
8521	1
8520	1
8527	3
8526	1
8525	7
8524	1
8536	1
4299	3
4298	4
4295	2
4294	1
4297	1
4296	1
4291	1
4290	1
4293	35
4292	3
6368	5
4749	31
4748	2
1324	11
4743	3
4742	1
4741	2
4740	2
4747	1
4746	3
4745	3
4744	3
5869	42
5868	19
5865	4
5864	19
5867	4
5866	1
5861	1
5860	1
5863	2
5862	2
9006	1
8537	10
2183	2
2182	5
2181	1
2180	1
2187	4
2186	15
2185	16
2184	16
4606	1
4607	4
2189	24
2188	16
4602	2
4603	1
4600	12
4601	3
6907	3
6906	1
6905	1
6904	3
6903	4
6902	1
151	34
150	4
153	7
152	1
155	2
154	11
157	2
156	3
159	12
158	4
6900	1
8134	1
8135	2
8688	1
8689	2
6187	1
6186	2
6185	8
6184	2
6183	1
6182	1
6181	9
6180	2
6954	1
8133	1
6189	29
6188	11
2727	1
2726	23
2725	28
2724	1
2723	12
2722	5
2721	1
2720	1
2729	16
2728	1
7236	3
7237	1
7234	9
7235	3
7232	1
7233	5
6955	1
7231	1
9199	1
9198	3
7948	1
7949	1
7238	1
7239	5
6239	3
6238	1
6235	2
6234	22
6237	2
6236	54
6231	8
6230	11
6233	4
6232	1
7815	1
7932	4
8866	3
8867	2
8864	1
8865	1
8862	2
8863	1
8860	3
8861	1
8868	1
8869	1
818	8
819	11
810	12
811	1
812	9
813	7
814	1
815	5
816	6
817	10
7819	2
1700	57
1701	4
5265	1
5264	1
1704	3
1705	6
1706	13
1707	9
1708	2
1709	29
2097	19
5269	15
5268	3
2096	7
4574	1
4575	33
2093	9
4577	5
3959	1
7936	1
3029	28
3028	4
3027	52
3026	2
3025	5
3024	4
3023	4
3022	27
3021	3
3020	2
8738	1
8739	4
8736	1
8737	3
8734	14
8735	1
8732	1
8733	5
8730	2
8731	5
4198	2
4199	1
4196	1
4197	12
4194	1
4195	3
4192	3
4193	1
4190	1
4191	26
5670	1
5671	1
5672	8
5673	1
5674	3
5675	3
5676	4
5677	8
5678	1
5679	2
473	5
6437	1
6436	1
6435	1
6434	2
6433	2
6432	6
6431	2
6430	1
8198	2
8199	1
6439	2
6438	1
6758	4
6759	4
6752	1
6753	1
6750	1
6751	2
6756	3
6757	1
6754	1
6755	3
238	4
239	7
234	1
235	1
236	19
237	14
230	2
231	3
232	7
233	6
4680	3
8740	2
4681	3
2538	6
2539	1
2532	4
2533	2
2530	3
2531	25
2536	5
2537	2
2534	8
2535	3
5078	10
5079	1
5072	3
5073	3
5070	7
5071	1
5076	3
5077	2
5074	1
5075	3
939	24
938	13
933	5
932	3
931	3
930	4
937	1
936	3
935	1
934	15
5380	4
5381	1
5382	6
5383	34
5384	4
5385	3
5386	4
5387	1
5388	3
5389	5
797	2
796	21
795	13
794	48
793	10
792	1
791	5
790	13
2145	1
799	24
798	10
2144	2
2415	7
2414	3
1139	7
1138	19
2141	22
1133	3
1132	14
1131	4
1130	1
1137	8
1136	23
1135	13
1134	5
2419	6
4975	2
7148	2
7149	1
7144	11
7145	2
7146	5
7147	1
7140	1
7141	3
7142	1
7143	3
2149	7
2148	3
8053	2
8052	2
8051	1
8050	5
8057	4
8056	1
8055	6
8054	1
8509	4
8508	2
8059	2
8058	1
2882	5
2883	9
2880	12
2881	1
2886	3
2887	2
2884	6
2885	19
7492	2
1072	3
2888	20
2889	9
7496	7
7497	6
7494	3
7495	2
2	1
3276	1
3277	2
1922	3
1923	2
1924	3
3273	7
1926	10
1927	2
4761	1
4760	1
4763	60
4762	1
4765	2
4764	1
4767	2
4766	1
4769	12
4768	1
7189	4
8767	2
5809	3
5808	1
5803	1
5802	13
5801	9
5800	1
5807	45
5806	2
5805	1
5804	8
1573	3
1572	17
1571	5
1570	2
1577	6
1576	6
7360	4
1575	2
1574	1
8023	6
4888	2
4889	12
2709	7
2708	1
4880	6
4881	45
4882	5
2706	6
2701	2
2700	1
2703	1
4887	2
7962	1
7963	20
7960	4
7961	1
7966	1
7967	4
7964	1
7965	3
9177	2
9176	1
7968	5
7969	1
9173	1
9172	1
9171	3
9170	1
6259	9
6258	1
6253	2
6252	45
6251	8
6250	1
6257	1
6256	1
6255	26
6254	3
2411	3
8545	1
8016	2
475	1
8547	1
3474	1
3475	7
3476	18
3477	1
3470	2
3471	22
3472	37
3473	3
8884	2
8541	5
838	7
839	1
3478	4
3479	1
8882	1
8540	2
8543	1
8010	5
7457	12
8687	1
7453	1
9007	10
5249	3
5248	1
1728	4
1729	4
1726	4
5244	1
5247	6
5246	1
1722	2
1723	3
1720	11
1721	30
9004	1
5626	1
9003	2
9002	1
7931	1
9001	2
7930	27
9000	1
7933	1
3005	1
3004	4
3007	8
3006	3
3001	8
3000	22
3003	1
3002	2
7935	18
3009	6
3008	1
7934	7
1588	4
1589	4
7937	1
1582	19
1583	3
1580	1
1581	5
1586	9
1587	1
1584	3
1585	4
9106	1
5481	3
9107	1
8633	1
5480	23
9104	1
9105	1
5658	5
5659	2
5656	1
5657	3
5654	1
2416	18
5652	2
5653	10
5650	3
5651	1
6419	9
6418	1
6415	1
6414	129
6417	1
6416	2
6411	1
6410	2
6413	1
6412	6
7777	2
7776	3
7775	1
7774	1
7773	2
7772	1
7771	1
7770	1
7779	3
7778	1
3917	1
3916	1
3915	8
3914	2
3913	1
3912	1
3911	1
3910	4
3919	7
3918	1
6730	6
6731	12
6732	6
6733	2
6734	1
6735	2
6736	6
6737	2
6738	2
6739	2
8318	7
8319	1
3287	1
216	2
217	14
214	6
215	1
212	5
213	18
210	14
211	1
218	1
219	2
6088	1
6089	32
6086	1
6087	2
6084	2
6085	3
6082	8
6083	3
6080	21
6081	1
3649	1
3648	11
3647	7
3646	6
3645	3
3644	2
3643	10
3642	1
3641	24
3640	1
2550	1
2551	35
2552	1
2553	1
2554	1
2555	2
2556	1
2557	24
2558	4
2559	2
5010	14
5011	1
5012	5
5013	1
5014	3
5015	1
5016	13
5017	4
5018	7
5019	3
4419	4
4418	1
4417	63
4416	1
4415	1
4414	2
4413	3
4412	2
4411	1
4410	45
919	7
918	51
915	1
914	3
917	1
916	20
911	82
910	6
913	3
912	1
7168	2
7169	1
7162	3
7163	1
7160	1
7161	3
7166	1
7167	10
7164	7
7165	3
8079	20
630	1
631	1
8071	1
8070	1
8073	1
8072	1
8075	2
632	7
8077	2
8076	1
1211	5
634	1
635	1
8888	1
1214	22
8637	1
1215	24
1111	22
1110	4
1113	59
1112	4
1115	4
1114	6
1117	26
1440	39
1119	1
1118	3
1449	13
1448	23
8889	1
4859	2
8636	1
2005	4
4857	16
4584	16
2008	48
4854	2
8635	1
4581	3
4580	21
4725	3
4583	1
4724	5
8268	1
4582	27
4727	1
8269	1
8634	2
4726	1
6914	5
4721	1
4720	13
8264	1
4723	3
4789	1
4788	2
4787	4
4786	8
4785	2
4722	1
4783	5
4782	3
4781	1
4780	21
5821	12
5820	23
5823	3
5822	1
5825	3
5824	1
5827	2
5826	1
5829	2
5828	2
8632	3
6916	1
8631	2
1182	6
8630	1
199	1
198	12
195	1
194	3
197	2
196	3
191	6
190	2
193	39
192	54
6912	17
9155	2
9154	1
2769	2
2768	1
9151	2
9150	1
9153	1
9152	33
2763	1
2762	1
2761	1
2760	1
2767	2
2766	1
2765	7
2764	2
7908	1
7909	2
7900	1
7901	3
6913	4
7903	1
7904	5
7905	1
7906	2
7907	8
6271	1
6270	23
6273	20
6272	8
6275	2
6274	5
6277	4
6276	1
6279	39
6278	2
8883	1
1183	5
3452	1
3453	14
3450	1
3451	3
3456	15
3457	1
3454	6
3455	1
3458	5
3459	17
858	17
859	1
6	1
8905	1
5229	23
5228	2
5223	24
5222	1
5221	1
5220	3
5227	1
5226	20
5225	5
5224	4
4588	3
3063	1
3062	2
3061	14
3060	24
3067	4
3066	1
3065	7
3064	12
3069	2
3068	5
7466	1
4817	1
4816	7
1304	1
1305	14
1306	3
1307	1
1300	1
1301	1
1302	22
1303	1
1308	14
1309	1
498	10
499	1
494	4
495	2
496	6
497	1
490	13
491	6
492	4
493	14
6479	2
6478	1
6473	7
6472	1
6471	1
6470	1
6477	1
6476	3
6475	1
6474	1
6915	14
7758	4
7755	2
7754	1
7757	3
7756	1
7751	1
7750	4
7753	4
7752	1
3939	1
3938	1
3935	2
3934	24
3937	11
3936	1
3931	2
3930	1
3933	18
3932	1
8332	1
8333	2
8330	5
8331	1
3265	2
8337	26
6718	6
6719	1
6716	3
6717	4
6714	1
6715	1
6712	1
6713	3
6710	1
6711	37
4044	2
4045	8
4046	11
4047	4
4040	14
4041	1
4042	1
4043	1
4048	1
4049	6
3665	3
3664	2
3667	1
3666	7
3661	2
3660	5
3663	7
3662	3
3669	3
3668	22
5582	1
446	5
2578	4
2579	27
2576	2
2577	19
2574	4
2575	4
2572	1
2573	2
2570	1
2571	16
3593	2
3592	2
3591	1
3590	1
3597	2
3596	4
5038	23
3594	5
5036	1
5037	4
5034	3
5035	3
5032	31
5033	2
5030	1
5031	2
4435	5
4434	12
4437	3
4436	2
4431	3
4430	3
4433	4
4432	14
4439	1
4438	8
977	5
976	23
975	2
974	1
973	15
972	5
971	1
970	7
979	15
978	3
7952	1
8756	1
8757	6
8927	1
8926	1
8925	4
8924	1
8923	4
8922	3
8921	1
8920	1
8929	1
8928	4
3386	1
3387	38
3384	3
7100	16
7101	1
7102	1
5417	1
7104	1
7105	3
7106	8
7107	5
7108	4
5410	3
5411	7
5412	4
5413	3
1681	19
1680	4
1683	9
1682	1
1685	3
1684	2
1687	6
1686	1
1689	49
1688	2
653	1
1469	4
1468	1
1465	2
1464	10
1467	7
1466	18
1461	29
1460	7
1463	4
1462	7
4239	1
4238	3
4237	8
4236	3
4235	1
4234	3
4233	1
4232	1
4231	1
4230	21
5591	2
5590	8
5593	1
5592	34
5595	1
5594	1
5597	3
5596	1
5599	1
5598	6
3035	20
319	3
318	8
313	7
312	23
311	6
310	15
317	14
316	16
315	4
314	3
4213	12
443	3
442	7
441	1
440	3
447	1
4218	1
445	19
444	4
8699	1
8698	1
2299	1
2298	18
8129	2
2293	12
2292	3
2291	3
2290	2
2297	2
2296	1
2295	4
2294	2
8695	2
8694	4
8125	2
8124	1
8691	1
8690	6
8693	1
8139	1
8692	1
7290	17
7291	13
7292	1
7293	2
7294	1
7295	1
7296	1
7297	43
7298	1
7299	13
9139	1
9138	2
7704	1
7928	2
7929	19
7705	3
6299	1
6298	2
6297	4
6296	3
6295	11
5578	2
6293	8
6292	1
6291	1
6290	2
5574	15
5572	7
4672	2
7708	1
7709	5
8511	4
3438	1
3439	1
878	4
879	5
3430	1
3431	50
874	4
3433	4
3434	1
873	6
3436	5
3437	3
2741	2
2740	5
2743	1
2742	32
2745	9
2744	3
2747	1
2746	1
4844	1
2748	1
4846	13
4847	3
4840	1
4841	7
4842	9
2038	13
5201	4
5200	5
5203	4
5202	1
5205	1
5204	1
5207	5
5206	12
5209	2
5208	2
3049	2
3048	93
3041	15
3040	20
3043	1
3042	3
3045	2
3044	3
3047	5
3046	2
7522	4
1094	8
1095	172
1096	1
1097	6
1090	2
1091	18
1092	6
1093	89
1912	4
1098	29
1099	21
7523	1
1915	5
8349	1
1322	6
1323	1
1320	10
1321	3
1326	2
1327	12
1914	1
1325	2
1328	1
1329	2
6451	2
6450	2
6453	1
6452	1
6455	5
6454	1
6457	1
6456	1
6459	4
6458	1
8136	3
8137	3
8130	11
8131	1
6909	2
6908	1
7739	1
7738	1
7733	5
7732	1
7731	6
7730	1
7737	2
7736	1
7735	1
7734	2
1916	2
3958	1
3953	1
3952	2
3951	6
3950	26
3957	2
3956	15
3955	1
3954	19
8358	2
8359	1
8350	3
8351	1
8352	4
8353	1
8354	4
8355	1
8356	2
8357	6
1546	4
4062	16
4063	1
4060	1
4061	1
4066	3
4067	1
4064	1
4065	1
4068	2
4069	2
5784	20
5785	35
5786	1
5787	1
5780	2
5781	1
5782	1
5783	1
5788	18
5789	2
3603	1
3602	1
3601	3
3600	1
3607	14
3606	21
3605	10
3604	1
3609	9
3608	2
4593	6
7529	1
4453	2
4452	14
4451	4
4450	15
4457	1
4456	3
4455	3
4454	1
4459	2
4458	20
959	11
958	6
951	9
950	18
953	3
952	2
955	2
954	2
957	42
956	12
7185	16
6334	3
6335	2
6336	14
6337	14
6330	1
6331	1
6332	2
6333	9
6338	6
6339	29
8909	17
8908	1
717	1
8904	1
8907	2
8906	1
8901	1
8900	1
8903	2
8902	1
4969	41
4968	7
716	11
7129	1
7126	1
7127	3
7124	1
7125	16
7122	5
2178	16
7120	49
7121	13
4964	2
6841	1
1669	16
1668	1
1667	1
1666	2
1665	29
1664	10
1663	10
1662	7
1661	11
1660	14
591	2
590	1
593	9
592	4
595	2
594	9
597	2
596	25
599	1
598	1
2828	1
2829	3
2824	1
2825	4
2826	2
2827	22
2820	1
2821	3
2822	4
2823	32
5414	5
5415	1
5416	1
3385	7
3382	1
3383	33
3380	1
3381	1
5418	1
5419	2
3388	2
3389	4
1409	5
1408	14
1403	2
1402	1
1401	1
1400	3
1407	1
1406	6
1405	1
1404	1
4215	1
4214	10
4217	11
4216	4
4211	2
4210	1
1491	24
4212	1
5790	3
4219	1
1544	8
1545	2
1542	1
1543	1
3261	5
1540	1
5579	2
3260	13
5577	1
5576	2
5575	1
1541	45
5573	38
3263	5
5571	19
5570	3
3262	9
5799	1
1937	1
5798	1
3264	1
339	1
3267	27
335	13
334	6
337	8
3266	51
331	13
330	9
333	9
332	4
3269	83
5125	3
5126	9
5127	2
5002	1
3195	1
3200	5
1497	5
6109	3
6108	3
6107	1
6106	4
6105	1
6104	1
6103	4
6102	1
6101	1
6100	2
9119	6
9118	1
9111	1
9110	1
9113	2
9112	10
9115	1
9114	2
9117	1
9116	1
8029	3
3416	4
3417	3
3414	19
3415	4
3412	5
3413	10
3410	11
3411	9
8532	1
3418	1
3419	2
8533	5
8534	1
8535	3
4868	15
4869	1
2019	6
2018	39
2015	14
2014	4
2017	9
2016	2
2011	1
2010	1
2013	1
4865	1
7444	2
9034	2
9035	3
9038	1
9039	1
7013	1
458	1
1349	39
450	1
451	8
1342	3
453	1
454	38
455	3
1346	5
1347	18
8118	1
8119	2
6929	1
6928	3
6925	1
6924	3
6927	2
6926	1
6921	1
6920	1
6923	1
6922	1
7711	1
7710	1
7713	1
7712	1
7715	1
7714	23
7717	1
7716	3
7719	1
7718	1
832	2
8376	9
8377	1
8374	1
8375	1
8372	1
8373	2
8370	5
8371	2
833	10
8378	16
8379	1
8074	4
752	11
4008	2
4009	1
4000	4
4001	4
4002	8
4003	1
4004	2
4005	3
4006	20
4007	25
3971	17
3970	1
3973	15
3972	1
3975	6
3974	2
3977	6
3976	1
3979	4
3978	2
3629	2
3628	23
3621	20
3620	13
3623	3
3622	1
3625	15
3624	8
3627	1
3626	1
4479	1
4478	2
2955	28
4471	2
4470	22
4473	6
4472	2
4475	2
4474	1
4477	1
4476	3
2953	1
2464	2
2465	1
2466	5
2467	2
2460	16
2461	1
2462	28
2463	2
2468	19
2469	1
1026	1
1021	2
1020	5
1023	7
5343	6
6312	8
6313	3
6310	2
6311	9
6316	19
6317	2
6314	13
6315	1
8530	4
6318	2
6319	2
5348	1
5349	1
8531	1
7684	2
8969	2
8968	1
8963	1
8962	6
8961	1
8960	1
8967	3
8966	2
8965	1
8964	1
1645	1
1644	2
1647	8
1646	3
1641	5
1640	19
1643	1
1642	2
1649	1
1648	2
579	14
578	33
573	2
572	5
571	8
570	1
577	1
576	2
575	1
574	1
2808	2
2809	6
2802	1
2803	9
2800	2
2801	36
2806	2
2807	3
2804	4
2805	29
5432	3
5433	3
1423	5
5431	1
5436	2
5437	3
5434	6
5435	1
3364	1
3365	2
5438	11
5439	8
3360	2
3361	2
3362	4
3363	1
4273	2
4272	1
4271	7
4270	8
4277	1
4276	2
4275	2
4274	31
1201	3
4279	1
4278	6
1200	2
5555	7
4862	2
5557	4
5556	7
5551	1
5550	11
5553	11
4863	1
5559	1
4860	9
4861	119
4866	5
4867	1
8589	3
8588	1
4864	1
8581	4
8580	5
8583	1
2012	1
8585	1
8584	1
8587	1
8586	1
5129	1
5883	10
5882	5
5881	3
5880	1
5887	2
5886	19
5885	2
5884	6
5889	1
5888	1
6554	1
6555	2
6556	8
6557	8
6550	1
6551	1
6552	7
5873	4
6558	6
6559	3
8270	1
5875	1
357	9
356	1
355	4
354	1
353	5
352	9
351	5
350	16
7508	2
7509	1
359	37
358	1
6125	1
4855	15
6127	2
6126	3
6121	1
6120	1
6123	1
6122	15
6129	4
6128	1
8677	5
2190	1
3225	30
4632	4
2192	8
2193	5
2259	1
2258	9
2257	2
4637	28
2255	2
2254	1
2253	16
2252	1
2251	1
4636	20
3224	3
4635	2
4634	4
4800	1
3227	1
4802	10
4638	18
4804	1
4805	1
4806	1
4807	8
4808	1
4809	6
2789	1
2788	3
2079	2
2078	3
2073	11
2072	1
2071	12
2070	16
2077	12
2076	21
2075	17
2074	16
3221	1
8790	2
3220	30
8791	1
3223	13
8410	7
8415	3
3222	18
7081	1
7080	1
7083	1
7082	5
7085	4
7084	6
7087	3
7086	1
7089	6
7088	15
6495	23
6494	3
6497	2
6496	2
6491	4
6490	10
6493	28
6492	2
8178	1
8179	2
6499	11
6498	2
6949	1
6948	7
6943	1
6942	7
6941	1
6940	1
6947	2
6946	5
6945	3
6944	1
8998	7
8398	4
8399	14
8394	2
8395	2
8396	2
8397	1
8390	1
8391	5
8392	2
8393	1
4398	1
4399	6
4390	1
4391	3
4392	13
4393	2
4394	2
4395	18
4396	1
4397	1
3197	2
1367	12
470	2
3194	2
3193	8
3192	2
3191	2
3190	1
478	1
479	35
3199	10
3198	35
4026	7
4027	1
4024	3
4025	2
4022	12
4023	7
4020	6
4021	6
4028	9
4029	1
8506	1
3999	9
3998	4
3997	1
3996	3
3995	1
3994	4
3993	2
3992	1
3991	5
3990	1
8165	2
8999	2
8697	1
8164	8
298	17
299	1
296	1
297	8
294	2
295	67
292	18
293	14
290	1
291	22
587	12
581	66
5487	6
2442	2
2443	13
2440	2
2441	3
2446	2
2447	1
2444	25
2445	4
2448	2
2449	8
7867	1
7866	3
7865	1
7864	3
7863	6
7862	4
7861	1
7860	1
5486	1
7869	1
7868	1
8829	1
6378	5
6379	2
5485	4
6371	2
6372	1
6373	1
6374	1
6375	1
6376	6
6377	1
5484	7
8941	1
8940	1
8943	1
8942	1
8945	1
8944	1
8947	1
8946	1
8949	2
8948	1
5483	51
5407	2
5406	1
7394	1
1434	1
5482	1
1435	6
1432	10
1433	4
1623	5
1622	11
1621	8
1620	24
1627	17
1626	1
1625	1
1624	2
1999	22
1998	5
1629	5
1628	4
3209	6
3208	1
5058	3
5059	3
2860	1
2861	11
2862	5
2863	2
559	2
558	31
2866	1
2867	1
555	16
554	2
557	8
556	2
551	1
550	4
553	5
552	1
3539	7
1438	11
5055	6
5408	1
1199	71
1198	26
3348	2
3349	1
1191	1
1190	32
1193	1
1192	1
1195	3
1194	4
1197	10
1196	4
9189	1
7942	3
4259	29
4258	1
4251	9
4250	4
4253	4
4252	3
4255	7
4254	4
4257	1
4256	2
5533	1
5532	4
5531	7
5530	11
5537	1
5536	1
5535	3
5534	1
5539	6
5538	3
1348	16
459	6
4263	1
6572	2
6573	1
6570	7
6571	1
6576	7
6577	8
6574	2
6575	2
6578	2
6579	14
5100	40
7694	7
1340	8
7696	1
7697	5
7690	3
7691	1
7692	2
1341	20
7698	1
452	15
3834	5
3835	11
3836	11
3837	1
3830	2
3831	3
3832	13
3833	1
1344	1
3838	6
3839	6
1345	1
456	4
457	33
379	1
378	19
7520	5
7521	3
7526	16
7527	1
7524	1
7525	8
371	10
370	2
373	1
372	21
375	2
374	13
377	1
376	4
6143	8
6142	6
6141	5
6140	18
6147	4
6146	9
6145	3
6144	1
6149	1
6148	3
8110	1
8111	1
5104	1
8116	1
8117	4
8114	1
8115	3
5549	1
6500	7
2275	27
2274	4
2277	7
2276	1
2271	12
2270	11
2273	11
2272	6
2279	1
2278	4
5543	1
5545	8
2051	1
2050	3
2053	17
2052	1
2055	2
2054	38
2057	1
4829	1
2059	3
2058	51
4824	1
4537	12
4822	1
4531	2
4532	2
4821	5
7980	17
7981	1
7982	3
7983	10
7984	1
7985	1
7986	1
7987	4
7988	1
7989	5
8595	1
7324	1
7325	2
7326	6
3783	4
7320	5
7321	1
7322	1
7323	1
7328	1
7329	1
8858	1
8853	1
8852	1
8851	1
8850	1
7069	2
7068	1
7067	2
7066	5
7065	1
7064	1
7063	1
7062	3
7061	6
7060	9
8855	9
8854	1
3786	14
6961	3
6960	1
6963	2
6962	1
6965	6
6964	6
6967	1
6966	2
6969	5
6968	2
8154	4
8155	1
8152	1
8153	5
8150	1
8151	2
5899	10
8228	1
8229	1
6465	14
414	13
415	1
416	2
417	14
410	2
411	47
412	1
413	3
1384	3
1385	6
1386	90
1387	2
418	1
419	1
1382	6
1383	1
9194	1
8107	1
1775	2
1774	4
1777	6
5277	1
5270	1
1770	18
5463	2
5272	2
5273	4
5462	4
5278	1
5279	2
5465	1
6688	15
6689	1
6680	2
6681	1
6682	1
6683	2
6684	3
6685	1
5464	1
6687	1
2428	10
2429	1
2420	2
2421	7
2422	32
2423	6
2424	11
2425	1
2426	2
2427	20
7849	1
7848	1
7845	1
7844	9
7847	1
7846	1
5467	2
7840	1
7843	1
7842	1
6356	10
6357	11
6354	1
6355	3
6352	1
6353	1
6350	4
6351	7
6358	4
6359	2
3461	1
5466	1
3460	2
1814	2
1815	4
1816	5
1817	2
1810	1
1811	6
1812	3
1813	5
1818	1
1819	1
2165	1
2164	9
8109	1
2167	4
1609	2
1608	1
2166	7
3229	5
3228	5
1979	3
1978	21
1977	5
1976	1
1975	4
1974	2
1973	1
1972	21
1971	4
1970	7
2163	3
8108	1
4955	4
2848	3
2849	1
2846	2
2847	26
2844	15
2845	13
2842	14
2843	2
2840	1
2841	1
3320	1
3321	9
3322	7
3323	1
3324	1
3325	15
3326	11
3327	5
3328	9
3329	25
5478	2
5479	2
5519	8
5518	2
5511	4
3038	8
5513	4
5512	2
5515	1
5514	2
5517	7
1554	4
537	3
536	1
535	5
534	1
533	1
532	1
531	1
530	1
539	1
538	4
1908	5
1909	1
3294	11
1907	3
3296	4
6518	4
6519	3
1905	3
6510	5
1902	8
6512	1
6513	2
6514	1
6515	1
6516	1
3291	1
5131	3
1901	1
3812	15
3813	1
3810	6
3811	29
3816	7
3817	1
3814	76
3815	4
3818	10
3819	1
8457	3
8456	1
8455	1
8454	1
8453	9
8452	3
8451	4
8450	2
8459	2
8458	1
7548	1
7549	1
7540	2
7541	1
7542	2
7543	1
7544	1
7545	2
7546	1
7547	3
6169	2
6168	2
6161	4
6160	4
6163	9
6162	1
6165	36
6164	12
6167	12
6166	1
8856	1
2213	15
2212	2
2211	2
2210	40
2217	2
2216	1
2215	1
2214	37
2219	9
2218	16
6137	3
4518	1
4519	1
4512	1
4513	1
4510	2
4511	1
4516	5
4517	50
4514	29
4515	1
5289	9
5288	3
5281	2
5280	7
5283	16
5282	3
5285	2
5284	18
5287	3
5286	1
7615	44
9025	2
9024	1
9027	2
7302	1
7303	9
7300	12
7301	3
7306	2
7307	2
7304	11
7305	2
9021	1
7308	1
7309	1
9020	4
9023	1
9022	1
7045	1
7044	3
7047	6
7046	10
7041	1
7040	4
7043	1
7042	1
7049	1
7048	26
9108	1
8608	2
8609	1
6989	1
6988	1
6987	2
6986	1
6985	11
6984	9
6983	6
6982	1
6981	1
6980	4
9109	1
7693	1
2989	48
2988	3
2983	1
2982	1
2981	6
2980	13
2987	13
2986	8
2985	11
2984	18
1018	30
1019	12
1014	3
1015	6
1016	1
1017	1
1010	41
1011	16
1012	5
1013	4
4358	4
4359	12
4354	7
4355	1
4356	7
4357	18
4350	25
4351	15
4352	1
4353	2
438	3
439	7
436	6
437	4
434	23
435	1
432	2
433	1
430	1
431	4
1436	8
5708	1
5709	4
5704	18
5705	30
5706	1
5707	1
5700	4
5701	4
5702	17
5703	1
1437	1
8025	1
1050	4
1051	9
1052	34
1430	18
7829	31
5354	3
7823	2
1054	1
7821	32
7820	1
7827	1
7826	5
7825	1
1055	17
1056	2
1057	22
1431	1
8985	1
8984	1
8987	1
8986	1
8981	2
8980	1
8983	2
8982	1
8989	1
8988	6
1832	8
1833	7
1830	1
1831	17
1836	2
3798	3
1834	3
1835	44
3795	8
3794	3
1838	1
3796	1
3791	1
3790	7
3793	8
3792	8
4981	1
4980	1
4983	1
2157	3
4985	2
4984	38
2400	1
4986	3
4989	4
4988	1
2158	1
2159	21
2408	38
2409	3
1955	3
1954	5
1957	3
1956	12
1951	16
1950	1
1953	41
1952	3
1959	2
1958	1
3249	4
3248	1
3243	1
3242	8
3241	3
3240	1
3247	5
3246	6
3245	1
1990	8
4925	2
1993	2
1483	24
1482	16
1481	17
1480	1
1487	2
1486	1
1485	26
1484	1
3306	1
3307	24
1489	1
1488	1
3302	1
3303	2
3300	7
3301	10
1992	4
612	7
613	2
610	2
1273	1
1995	8
1275	14
2060	26
614	1
2061	4
615	9
2062	1
2063	7
1994	1
2064	4
2065	2
519	7
518	18
2066	22
511	1
510	2
513	4
512	1
515	14
514	2
517	1
516	5
1227	1
1226	7
621	4
1224	2
1223	7
1222	15
1221	2
1220	7
629	4
628	2
1229	13
1228	5
6536	1
6537	1
6534	5
6535	1
6532	2
6533	1
6530	1
6531	1
8299	1
8298	1
8792	17
6538	1
6539	1
8793	1
8794	1
8795	1
8796	1
8797	1
3878	1
3879	16
3870	3
3871	1
3872	3
3873	32
3874	3
3875	16
3876	1
3877	3
8479	1
8478	1
8475	1
8474	1
8477	2
8476	1
8471	1
8470	3
8473	3
8472	2
7566	19
7567	4
7564	1
7565	6
7562	1
7563	1
7560	6
7561	1
7568	2
7569	1
4167	1
4166	4
4165	10
4164	1
4163	9
4162	21
4161	3
4160	1
4169	3
4168	5
8646	1
2239	6
2238	1
2231	1
2230	10
2233	2
2232	1
2235	11
2234	1
2237	2
2236	1
5937	1
5936	1
5935	3
5934	6
5933	2
5932	3
5931	1
5930	1
5939	1
5938	16
4608	2
3498	4
3499	14
3496	3
3497	1
3494	2
3495	8
3492	1
3493	5
3490	1
3491	1
2095	2
2094	24
4572	3
4573	8
2091	1
2090	3
4576	3
2092	2
4578	18
4579	3
7699	8
2099	18
2098	1
8423	1
4605	4
7368	9
7369	10
3333	16
7361	4
7362	7
7363	9
7364	2
7365	1
7366	2
7367	1
3	2
9121	2
7023	1
7022	1
7021	9
7020	1
7027	4
7026	1
7025	4
7024	2
7029	1
7028	1
9009	1
9008	1
9012	1
7594	10
9013	1
7799	2
7798	1
7791	1
7790	1
7793	1
7792	1
7795	1
7794	1
7797	4
7796	2
1038	13
1039	2
1032	9
1033	7
1030	1
1031	5
1036	8
1037	2
1034	14
1035	10
4378	15
4379	15
4372	1
4373	4
4370	2
4371	1
4376	1
4377	7
4374	2
4375	1
8660	1
8661	1
8662	1
8663	2
8664	3
8665	1
8666	1
8667	1
8668	5
8669	1
4080	3
4081	1
4082	1
4083	10
4084	2
4085	6
4086	3
4087	6
4088	2
4089	1
5728	6
5729	1
5722	2
5723	24
5720	3
5721	4
5726	4
5727	37
5724	2
5725	9
8084	2
8085	1
8086	3
8087	1
8080	1
8081	2
8082	3
8083	1
8088	5
8089	1
6648	1
6649	2
6644	28
6645	4
6646	1
6647	1
6640	1
6641	1
6642	2
6643	1
7801	1
7800	3
7803	1
7802	4
7805	1
7804	1
7807	1
7806	1
7809	2
7808	1
6398	3
6399	25
6392	1
6393	1
6390	4
6391	1
6396	1
6397	2
6394	1
6395	2
2396	7
2397	1
2394	1
2395	4
2392	2
2393	12
2390	46
2391	43
2398	10
2399	12
1858	1
1859	1
5693	1
1850	2
1851	4
1852	2
1853	3
1854	1
1855	6
1856	10
1857	1
2172	7
2173	1
2170	1
2171	2
2176	3
2177	12
2174	10
2175	1
4967	13
4966	5
4965	1
2179	28
4963	5
4962	2
4961	1
4960	1
1421	1
5694	1
1420	46
5695	2
5430	2
1933	2
1932	5
1931	2
1930	129
5128	20
1936	4
1935	17
1934	1
5124	1
3268	5
1939	8
1938	16
5120	7
5121	1
5122	5
5123	1
7944	1
1427	2
7945	10
1426	29
7946	1
1429	1
7947	3
1428	6
7940	1
3366	1
7941	1
3367	2
7230	1
7943	1
6886	1
6887	1
6884	24
6885	1
6882	1
6883	4
6880	1
6881	1
6888	12
6889	1
605	31
604	7
607	3
606	1
601	7
600	2
603	35
602	24
1205	2
1204	15
1207	8
1206	24
609	5
608	1
1203	13
1202	24
8106	1
8279	5
8278	1
8277	20
8101	26
8275	5
8274	1
8273	2
8272	3
8271	3
8100	2
1353	7
1352	13
1351	1
1350	1
461	7
1356	13
8419	1
8418	1
463	16
8413	1
8412	1
8411	1
462	24
8417	1
8416	2
8265	1
8414	2
7588	1
7589	1
5554	1
7584	1
7585	2
7586	1
7587	1
7580	3
7581	1
7582	4
7583	1
5552	1
6950	2
6951	4
6952	1
6953	2
4149	10
4148	1
4145	4
4144	3
4147	2
4146	2
4141	1
4140	31
4143	2
4142	2
3856	1
3857	8
3854	1
3855	1
3852	1
3853	6
3850	3
3851	2
6957	2
3858	2
3859	2
1062	7
5919	13
5918	1
5915	8
5914	1
5917	6
5916	1
5911	1
5910	1
5913	65
5912	91
4558	3
4559	1
4556	8
4557	7
4554	5
4555	1
4552	9
4553	5
4550	5
4551	10
8582	1
6077	1
6076	10
6075	1
6074	6
6073	2
6072	1
6071	1
6070	11
6079	1
6078	1
2617	4
2616	2
2615	52
2614	1
2613	3
2612	1
2611	14
2610	2
2619	5
2618	1
7346	18
7347	4
7344	1
7345	1
7342	2
7343	1
7340	1
7341	1
7348	1
7349	1
1186	54
1187	14
7009	4
7008	1
9029	1
9028	3
7001	1
7000	20
7003	29
7002	11
7005	5
7004	1
7007	1
7006	2
1184	15
740	5
741	18
742	3
743	2
744	1
745	39
746	2
747	2
748	3
749	1
1185	2
2949	9
2948	14
2947	2
2946	5
2945	38
2944	1
2943	9
2942	1
2941	1
2940	6
5357	1
5356	55
5355	1
1053	10
5353	1
5352	1
5351	26
5350	1
1058	1
1059	20
5359	1
5358	11
4310	1
4311	3
4312	4
4313	4
4314	6
4315	2
4316	14
4317	2
4318	1
4319	1
1180	1
3119	1
3118	13
3117	1
3116	18
3115	2
3114	2
3113	12
3112	2
3111	6
3110	2
8648	1
8649	1
5795	50
8647	4
8644	2
8645	1
8642	2
8643	1
8640	1
8641	1
1181	31
5740	1
5741	3
5742	1
5743	2
5744	16
5745	2
5746	1
5747	1
5748	26
5749	5
5267	1
5266	6
1702	5
1703	13
5263	2
5262	1
5261	9
5260	18
5794	1
2137	54
6668	3
6669	5
6662	2
6663	1
6660	2
6661	1
6666	31
6667	1
6664	1
6665	7
7	3
1602	1
9127	1
2135	2
2378	1
2379	1
2374	15
2375	5
2376	5
2377	17
2370	3
2371	1
2372	27
2373	2
1876	2
1877	52
1874	2
1875	17
1872	3
1873	1
1870	10
1871	1
1878	1
1879	41
4945	1
4944	3
4947	3
4946	2
4941	1
4940	8
4943	1
4942	1
4949	1
4948	1
2118	2
2119	2
6041	1
2110	1
2111	2
2112	4
2113	9
2114	40
2115	1
2116	3
2117	1
1919	4
1918	3
5108	2
5109	6
3289	1
3288	1
5102	1
5103	6
1913	2
5101	1
5106	1
3282	1
3281	22
3280	5
883	5
882	1
881	1
880	3
887	7
886	7
885	10
884	1
889	3
888	2
5245	9
7504	12
7505	2
7506	3
7507	1
7500	1
5792	3
8766	2
7501	11
7502	1
6616	5
7503	2
6868	7
6869	4
6864	1
6865	3
6866	12
6867	1
6860	13
6861	2
6862	4
6863	1
8255	5
8254	2
1269	4
1268	8
8251	1
8250	1
669	20
668	2
667	3
1262	1
665	3
664	1
663	6
662	8
1265	84
1264	13
1911	7
8789	1
8788	2
1910	3
8783	1
8782	1
8781	1
8780	1
8787	1
3285	1
8785	2
8784	1
3284	1
7618	2
7619	1
7614	1
3283	1
7616	1
7617	4
7610	6
7611	1
7612	1
5107	2
1917	23
5105	49
8431	1
8430	6
8433	2
8432	1
8435	2
8434	1
8437	1
8436	2
8439	1
8438	1
6124	9
9131	7
8516	1
8517	5
8514	1
8515	1
8512	1
8513	1
4129	8
4128	1
8510	2
4123	1
4122	18
4121	1
4120	2
4127	8
4126	1
4125	1
4124	26
5689	21
5688	1
5685	6
5684	1
5687	9
5686	1
5681	3
5680	7
5683	2
5682	2
8760	4
5979	1
5978	8
5973	4
5972	1
5971	4
5970	2
5977	2
5976	3
5975	6
5974	16
2587	29
2586	4
2585	9
2584	1
2583	1
2582	1
2581	2
2580	1
2589	2
2588	2
280	17
6059	6
6058	3
6055	8
6054	11
6057	6
286	1
6051	20
6050	2
6053	1
6052	6
2639	67
2638	5
2635	23
2634	2
2637	1
2636	1
2631	17
2630	1
2633	1
2632	4
9049	3
9048	1
9043	1
9042	1
9041	33
9040	1
9047	5
9046	3
9045	1
9044	1
3544	3
3545	1
3546	1
3547	1
3540	28
3541	7
3542	18
3543	2
3548	4
3549	12
2965	2
2964	3
2967	1
2966	1
2961	6
2960	1
2963	5
2962	4
762	2
763	1
760	9
761	60
2969	6
2968	2
764	15
765	1
5379	1
5378	3
1078	35
1079	4
5375	2
5374	5
5377	2
1075	2
5371	3
5370	2
5373	4
5372	4
5583	5
4338	1
4339	1
4336	1
4337	5
4334	2
4335	3
4332	1
4333	1
4330	6
4331	2
3135	3
5182	1
3137	4
3136	2
3131	4
3130	19
3133	2
3132	1
3139	2
3138	40
1533	27
5183	8
5180	6
5768	1
5769	2
5766	1
5767	1
5764	4
5765	1
5762	1
5763	2
5760	2
5761	1
1531	2
5181	1
8192	5
8193	1
5186	4
8190	1
8191	4
2256	1
8196	1
8197	2
8194	3
5187	1
8195	1
2978	8
7427	1
7426	1
7425	1
2979	2
7423	4
7422	1
7421	27
7420	1
2250	10
7429	4
7428	2
5184	2
6600	1
6601	29
6602	1
6603	3
6604	8
6605	21
6606	2
6607	7
6608	1
6609	1
5185	2
2974	4
2975	13
5362	2
4570	1
1042	31
5360	50
5361	1
5366	1
5367	7
4571	6
5364	3
5365	1
2358	2
2359	2
2352	2
2353	3
2350	71
2351	18
2356	3
5368	1
2354	1
2355	8
5369	1
1898	36
1899	9
3739	10
3738	9
3737	29
3736	1
3735	5
3734	12
3733	8
1891	1
3731	1
3730	5
4691	5
4690	1
4693	1
4692	1
4695	2
4694	1
4697	13
4696	2
4699	1
4698	6
4929	1
4928	2
2138	13
2139	7
5160	2
5161	4
5162	1
5163	2
5164	4
5165	1
5166	1
4801	9
5168	1
5169	1
2787	9
4803	41
2781	3
2780	8
2783	12
2782	1
8257	1
8256	1
8253	2
8252	1
1263	20
666	3
1261	28
1799	17
1798	1
1793	5
1267	1
1791	3
1790	2
1797	1
1796	21
1795	2
1794	26
6848	2
6849	7
661	1
6842	1
6843	2
6840	32
660	8
6846	8
6847	14
6844	8
6845	2
6590	1
6591	24
6592	1
6593	6
6594	1
6595	32
6596	2
6597	17
6598	5
6599	1
8239	2
8238	1
7638	1
7639	1
7632	7
7633	1
7630	1
7631	2
7636	3
7637	1
7634	2
7635	2
5344	6
9169	1
5345	4
1241	1
3093	9
3090	2
3091	1
3096	4
3097	4
3094	1
1530	9
1249	2
648	1
3098	3
3099	1
5346	4
1539	3
1538	2
4101	2
4100	3
4103	1
4102	1
4105	1
4104	4
4107	11
4106	10
4109	1
4108	2
7613	6
3898	1
3899	14
3892	37
3893	12
3890	2
3891	1
3896	2
3897	2
3894	5
3895	33
5341	4
8741	3
5951	3
5950	1
5953	1
5952	1
5955	12
5954	5
5957	1
5956	2
5959	3
5958	3
9167	4
1454	38
1991	13
1455	1
5774	2
6039	2
6038	2
6033	1
6032	14
6031	1
6030	3
6037	11
6036	6
6035	1
6034	9
2659	1
2658	2
9201	5
9200	4
9203	1
9202	5
2653	16
2652	2
2651	1
2650	5
2657	29
2656	10
2655	1
2654	3
7388	1
7389	2
7382	1
7383	12
7380	1
7381	1
7386	1
7387	1
7384	1
7385	10
5758	15
9061	1
9060	2
9063	1
9062	4
9065	7
1452	16
9067	1
9066	1
9069	1
9068	1
3562	1
3563	1
3560	6
1453	2
3566	1
3567	4
3564	30
3565	1
3034	5
3568	1
3569	14
4484	11
4485	1
4486	2
4487	7
4480	27
4481	1
4482	1
4483	6
4488	4
4489	5
2903	4
2902	2
2901	29
2900	1
708	4
709	6
2905	1
147	2
704	3
705	2
706	14
2908	2
700	6
701	8
702	27
703	1
2486	2
5319	1
5318	4
5313	2
5312	4
5311	7
141	1
5317	7
5316	2
5315	36
5314	4
2487	1
3214	7
1987	3
1984	2
3153	20
3152	2
3151	1
3150	4
3157	13
3156	14
3155	3
3154	4
1982	1
3159	2
3158	1
1983	8
1980	27
1981	4
1260	1
1639	114
2482	6
1459	7
1266	2
2483	1
2480	2
8574	3
8575	1
8576	1
8577	1
8570	2
8571	4
8572	1
8573	2
8578	1
8579	2
7409	1
7408	1
7405	3
7404	2
7407	1
7406	2
7401	3
7400	1
7403	1
7402	1
568	23
569	14
2816	9
6628	1
6629	20
6626	8
6627	2
6624	2
6625	18
6622	6
6623	1
6620	1
6621	6
564	8
565	1
4714	3
4715	2
4716	1
4717	13
4710	3
4711	1
4712	1
2337	5
2338	3
2339	7
4718	8
4719	2
3715	3
3714	8
3717	12
3716	22
3711	1
3710	1
3713	1
3712	1
3719	3
3718	26
8189	1
4909	6
4908	1
4679	1
4678	1
4901	1
4676	15
4903	2
4674	14
4673	1
4904	4
4671	1
4670	66
7437	1
8188	1
5148	1
5149	3
5146	1
5147	29
5144	2
5145	1
5142	1
5143	1
5140	4
5141	20
120	6
121	12
122	34
123	2
124	45
125	21
126	16
127	32
128	4
129	9
7957	1
1188	1
7956	1
1189	26
7955	3
3377	3
7954	1
3376	2
7953	1
3375	1
7224	9
3374	6
7951	1
5421	4
7950	3
3372	4
9164	1
3371	1
9165	2
3370	15
7247	8
7246	2
7245	11
7244	1
7243	1
7242	1
7241	7
7240	4
7249	1
7248	4
9162	1
9163	1
6820	3
6821	1
6822	1
6823	19
6824	3
6825	1
6826	1
6827	1
6828	1
6829	1
8817	1
8816	8
8815	1
6676	3
8813	1
8812	3
8811	5
8810	1
8819	6
8818	1
8219	8
8170	2
8749	1
8171	2
8211	1
8210	1
8213	7
8212	21
8215	1
8172	2
8217	2
8216	1
7650	3
7651	3
7652	4
7653	1
7654	1
7655	1
7656	1
7657	1
7658	1
7659	3
8175	4
1997	4
8176	1
8177	2
3393	1
1519	4
1518	23
3392	8
1515	1
1514	3
1517	3
1516	2
1511	48
1510	25
1513	1
1512	3
3395	4
8899	1
3394	2
3397	3
3396	3
263	1
262	1
261	9
260	1
267	30
266	23
265	2
264	2
269	1
268	8
6011	1
6010	2
6013	8
6012	4
6015	10
6014	1
6017	2
6016	20
6019	1
6018	4
988	5
989	12
982	65
983	11
980	39
981	1
986	20
987	2
984	1
985	12
1388	11
9089	5
9088	1
9087	3
9086	1
9085	1
9084	7
9083	1
9082	1
9081	1
9080	1
1389	1
3508	1
3509	9
5089	4
5088	3
5083	2
5082	2
5081	1
5080	13
5087	9
5086	4
5085	3
5084	1
2671	1
2670	3
2673	27
2672	1
2675	2
2674	1
2677	6
2676	6
2679	1
2678	1
1209	1
2929	1
2928	25
2921	2
2920	5
2923	5
2922	17
2925	6
2924	5
2927	3
2926	4
5331	3
5330	2
5333	6
5332	29
5335	2
5334	1
5337	1
5336	2
1208	1
5338	1
3179	3
3178	3
2037	6
3171	1
3170	2
3173	4
3172	5
3175	1
3174	1
3177	7
3176	5
726	32
727	11
724	1
725	2
722	1
723	21
720	4
721	1
728	2
729	1
1164	1
1165	2
1166	11
1167	21
1160	6
1161	2
1162	1
1163	3
1168	2
1169	2
2035	21
1366	1
3196	1
2034	2
1380	3
471	5
476	3
2785	75
477	3
1713	1
474	1
1712	2
2033	8
1711	2
1381	2
8552	6
8553	6
8550	6
1710	31
8008	1
8009	1
8554	1
8555	1
8004	1
2784	1
8006	1
8007	1
8000	2
8001	1
8002	3
1716	4
1715	2
2032	2
1714	1
7469	5
7468	1
1368	30
7463	1
3728	1
7461	1
1369	12
7467	5
1719	7
7465	2
1864	30
1718	3
2031	2
1869	1
2786	2
1868	17
2030	4
4930	2
4931	6
4932	1
4933	1
4934	3
4935	1
4732	5
4733	4
4730	2
4731	1
4736	3
4737	24
2318	6
2319	3
2316	3
2317	7
2314	2
2315	6
2312	1
2313	3
2310	1
2311	36
5854	9
5855	1
5856	36
5857	2
5850	7
5851	41
5852	1
5853	1
5858	2
5859	1
3773	25
3772	5
3771	1
3770	3
3777	4
3776	11
3775	3
3774	34
3779	7
3778	1
4655	2
4654	3
4657	5
4656	1
4651	1
4650	2
4653	46
4652	1
4659	11
4658	14
7889	1
7888	8
7881	1
7880	1
7883	1
7882	4
7885	1
7884	1
7887	1
7886	2
108	1
109	1
102	1
103	8
100	14
101	4
106	17
107	1
104	12
105	30
6056	1
7517	1
7269	3
7268	2
7516	1
7265	1
7264	19
7267	8
7266	1
7261	1
7260	1
7263	1
7262	1
6204	1
6205	7
6206	3
6207	4
6200	3
6201	3
6202	2
6203	1
7513	1
6208	5
6209	6
7512	6
7511	2
6808	1
6809	3
6806	1
6807	5
6804	1
6805	32
6802	1
6803	3
6800	2
6801	1
8839	4
8838	1
8835	5
8834	4
8837	1
8836	1
8831	1
8830	1
8833	1
8832	2
7678	2
7679	2
7676	2
7677	1
7674	1
7675	1
7672	1
7673	30
7670	14
7671	1
1759	45
1758	15
1757	10
1756	4
1755	12
1754	7
1753	5
1752	1
1751	11
1750	2
1285	1
1284	1
1287	5
1286	1
1281	1
1280	7
1283	8
1282	11
1289	1
1288	66
8765	9
8764	2
1579	24
1578	41
689	1
688	9
8763	8
8762	1
685	3
684	6
687	1
686	3
681	13
680	12
683	1
682	2
8501	26
8500	1
1240	18
8503	13
8502	2
8505	3
8504	3
8507	2
5629	16
5628	3
5627	34
1243	2
5625	1
5624	2
5623	2
5622	1
5621	1
5620	5
8493	3
8492	1
8491	2
8490	1
8497	1
8496	2
8495	4
8494	1
8499	3
8498	1
1242	6
5995	28
5994	2
5997	3
5996	1
5991	12
5990	5
5993	4
5992	2
5999	4
5998	1
7499	2
1244	25
6781	2
6780	1
6783	3
6782	5
6785	4
6784	41
6787	4
6786	1
6789	1
6788	1
1246	2
7498	2
245	2
244	33
247	1
246	15
241	2
240	24
243	2
242	3
249	21
248	13
7493	1
7490	1
7491	1
3698	4
3699	2
3690	21
3691	1
3692	38
3693	68
3694	1
3695	1
3696	4
3697	2
2156	10
3526	1
3527	1
3524	36
3525	5
3522	17
3523	8
3520	19
3521	8
3528	2
3529	1
1364	1
338	22
2150	1
2699	1
2698	1
2697	2
2696	26
2695	1
2694	1
2693	3
2692	3
2691	6
2690	2
1362	1
2152	20
1363	4
2153	3
1360	18
1361	6
1142	12
1143	6
1140	10
1141	1
1146	9
1147	4
1144	9
1145	3
1148	11
1149	7
768	1
769	3
336	17
7199	1
7198	5
7193	1
7192	3
7191	1
7190	11
7197	1
7196	1
7195	3
7194	1
6402	21
6403	11
766	4
6400	2
767	57
8538	1
8539	2
8028	1
6401	6
8022	1
6406	1
8020	1
8021	2
8026	1
8027	1
8024	2
6407	2
7441	3
7440	9
7443	1
7442	2
7445	8
6404	8
7447	10
7446	1
7449	31
7448	3
6405	1
8185	1
8184	1
8187	7
8186	1
4282	1
4283	1
4280	2
4281	3
4286	4
4287	8
4284	5
4285	1
4288	1
4289	12
380	2
381	2
382	1
383	2
384	18
385	3
386	2
387	7
388	56
389	3
4758	1
4759	3
4750	1
4751	3
4752	2
4753	32
4754	1
4755	1
4756	1
4757	1
5872	25
1076	8
5870	1
5871	1
5876	3
5877	4
5874	3
1077	4
5878	8
5879	1
1074	4
3759	1
3758	1
5376	4
3751	17
3750	1
3753	1
3752	3
3755	17
3754	2
3757	11
3756	1
4633	2
2191	1
4631	58
4630	1
2194	7
2195	9
2196	7
2197	7
2198	5
2199	3
4639	7
1071	10
4813	12
4812	1
4811	4
4810	4
168	21
169	11
164	3
165	3
166	4
167	2
160	9
161	14
162	30
163	1
4815	10
4814	2
6194	2
6195	4
6196	1
6197	9
6190	6
6191	20
6192	3
6193	11
6198	1
6199	1
2734	4
2735	1
2736	4
2737	21
2730	1
2731	5
2732	18
2733	2
2738	2
2739	13
9186	1
9187	1
9184	2
9185	1
9182	1
9183	1
9180	1
9181	3
8224	2
9188	1
8225	1
7209	1
7208	1
7203	1
7202	2
7201	1
7200	1
7207	3
7206	2
7205	1
7204	5
6222	1
6223	1
6220	4
6221	1
6226	5
6227	1
6224	3
6225	13
6228	2
6229	3
6370	1
5558	3
3134	1
809	2
808	3
803	1
802	2
801	3
800	4
807	18
806	1
805	1
804	3
8604	4
5274	7
5275	1
5276	1
1776	9
1771	1
5271	2
1773	4
1772	8
1779	12
1778	1
1551	13
1550	8
1553	7
1552	3
1555	2
3039	4
1557	2
1556	1
1559	1
1558	8
3036	4
3037	3
3030	1
3031	1
3032	2
3033	11
8703	1
8702	1
8701	1
8700	4
8707	1
8706	1
8705	2
8704	1
8709	1
8708	1
5605	1
5604	1
5607	24
5606	2
5601	1
5600	1
5603	1
5602	10
5609	1
5608	3
6424	1
6425	14
6426	1
6427	1
6420	9
6421	2
6422	1
6423	1
6428	1
6429	2
6769	10
6768	3
6767	5
6766	4
6765	2
6764	12
6763	7
6762	10
6761	1
6760	6
229	21
228	2
227	26
226	22
225	9
224	9
223	3
222	1
221	10
220	1
2509	31
2508	27
2507	2
2506	36
2505	8
2504	4
2503	1
2502	2
2501	9
2500	4
5049	1
5048	3
5047	1
5046	14
5045	1
5044	1
5043	5
5042	1
5041	1
5040	7
2160	6
8696	1
1256	26
1257	4
1254	2
0	1
1255	2
1520	8
1253	1
3207	1
1250	4
3206	9
1251	7
3205	9
3204	15
3203	16
3202	23
3201	5
1996	1
5188	1
1128	3
1129	6
5189	1
1120	16
1121	1
1122	6
1123	1
1124	1
1125	6
1126	2
1127	6
8040	8
8041	1
8042	1
8043	3
8044	5
8045	2
8046	2
8047	5
8048	1
8049	1
8518	1
8519	5
2864	55
2865	7
2868	28
2869	13
4776	1
4777	3
4774	15
4775	10
4772	1
4773	16
4770	4
4771	4
4778	4
4779	13
5818	1
5819	1
5810	1
5811	4
5812	5
5813	2
5814	2
5815	7
5816	1
5817	5
4619	2
4618	2
4611	19
4610	12
4613	7
4612	36
4615	1
4614	1
4617	4
4616	2
2705	28
7424	2
7152	1
2704	1
2707	24
146	11
5458	12
144	5
145	1
142	7
143	17
140	14
5459	2
4884	4
148	7
149	2
4886	1
2702	13
3092	3
3342	20
3343	1
5452	1
2712	4
2713	1
2710	6
2711	1
2716	4
2717	1
2714	5
2715	1
3346	1
2718	24
2719	25
3347	8
7221	1
7220	5
7223	1
7222	3
7225	2
3344	15
7227	1
7226	2
7229	27
7228	3
9166	1
3345	3
9160	1
9161	2
7959	10
7958	1
9174	1
6248	2
6249	3
6240	2
6241	5
6242	1
6243	1
6244	13
6245	10
6246	5
6247	1
8871	1
8870	2
8873	1
8872	2
8875	1
8874	2
8877	1
8876	1
8879	3
8878	1
829	8
828	4
825	7
824	5
827	5
826	3
821	10
820	7
823	4
822	2
8163	1
8162	1
8161	1
8160	3
8167	1
8166	1
5252	1
5253	22
5250	2
5251	3
5256	14
5257	27
5254	7
5255	1
5258	2
5259	9
5942	2
3018	30
3019	6
3012	45
3013	8
3010	2
3011	1
3016	3
3017	1
3014	2
3015	18
8729	2
8728	1
8721	1
8720	3
8723	1
8722	1
8725	1
8724	2
8727	2
8726	2
4189	10
4188	1
4181	5
4180	4
4183	3
4182	1
4185	3
4184	1
4187	29
4186	1
5663	2
5662	1
5661	2
5660	9
5667	1
5666	3
5665	1
5664	1
5669	8
5668	1
11	2
10	1
13	6
12	3
15	8
14	8
17	15
16	11
19	9
18	2
6408	23
6409	1
8181	1
8180	1
8183	1
8182	3
7764	1
7765	5
7766	1
7767	2
7760	1
7761	4
7762	7
7763	4
7768	2
7769	5
3904	1
3905	1
3906	2
3907	4
3900	2
3901	3
3902	7
3903	2
3908	19
3909	5
6745	1
6744	3
6747	1
6746	1
6741	1
6740	1
6743	20
6742	13
6749	1
6748	3
201	9
200	109
203	12
202	23
205	1
204	4
207	30
206	32
209	6
208	2
830	4
831	4
836	6
837	1
834	2
835	2
8885	1
8886	1
8887	1
8880	1
8881	8
3658	1
3659	3
3654	1
3655	1
3656	5
3657	5
3650	3
3651	3
3652	1
3653	1
2525	5
2524	4
2527	2
2526	11
2521	5
2520	3
2523	3
2522	31
2529	15
2528	3
5065	12
5064	2
5067	1
5066	1
5061	2
5060	1
5063	4
5062	1
5069	2
5068	2
4408	4
4409	108
4404	1
4405	5
4406	2
4407	1
4400	1
4401	1
4402	3
4403	4
928	6
929	1
920	1
921	12
922	13
923	23
924	1
925	31
926	71
927	4
5393	3
5392	1
5391	2
5390	2
5397	9
5396	23
5395	3
5394	4
5399	1
5398	16
7451	10
8991	1
784	43
785	2
786	11
787	33
780	7
781	1
782	19
783	11
788	9
789	8
2357	27
1371	7
7159	1
1370	1
7157	1
7156	12
7155	9
7154	1
7153	2
1373	22
7151	2
7150	3
404	3
403	11
8602	2
402	6
8546	3
401	2
8068	1
8069	1
8066	1
8067	1
8064	1
1376	4
8062	1
8063	18
8060	1
8061	3
7485	7
7484	5
7487	1
7486	4
7481	4
7480	1
7483	1
7482	12
8603	1
7489	2
7488	1
2899	17
2898	3
2895	3
2894	2
2897	1
2896	2
2891	1
2890	13
2893	4
2892	3
1106	1
1107	4
1104	1
1105	5
1102	1
1103	5
1100	16
1727	11
1458	1
1724	4
1108	28
1109	9
1725	3
5241	1
5240	6
1894	7
8601	1
5243	1
1895	5
5242	5
1896	9
1897	1
1890	3
1837	15
3732	8
1892	1
1893	16
2136	1
4922	6
4921	3
4920	1
4798	28
4799	2
4794	2
4795	4
4796	2
4797	13
4790	5
4791	3
4792	1
2133	2
5836	2
5837	1
5834	3
5835	3
5832	1
2130	14
5830	3
5831	1
2131	1
5838	1
5839	11
8128	3
2668	1
4	2
2669	6
6901	1
8891	7
8890	1
2778	3
2779	1
4899	4
4898	4
2770	2
2771	13
2772	3
4890	11
2774	3
2775	9
2776	8
2777	55
9148	3
3286	1
7979	3
7978	6
7975	2
7974	1
7977	3
7976	1
7971	1
7970	1
7973	1
7972	1
6266	11
6267	1
6264	6
6265	8
6262	10
6263	1
6260	7
6261	2
5167	5
6268	1
6269	5
7528	1
847	5
846	3
3465	5
844	1
843	37
842	45
841	1
840	5
8897	1
8896	3
8895	1
7158	4
8893	1
8892	1
849	1
848	1
4902	6
2406	1
4905	11
2407	8
1739	1
1738	4
1731	1
1730	2
1733	3
5233	1
5234	9
5235	1
1737	9
1736	1
3070	5
3071	1
1597	30
1596	1
3074	4
3075	1
1593	2
1592	9
3078	8
3079	3
1599	6
1598	45
4906	12
2403	15
5649	7
5648	8
5641	21
5640	1
5643	4
5642	1
5645	7
5644	3
5647	1
5646	1
8065	2
4826	10
489	7
488	1
487	1
486	3
485	1
484	4
483	40
482	11
481	30
480	2
6468	1
6469	2
6460	1
6461	5
6462	8
6463	1
6464	1
4827	1
6466	4
6467	4
7742	1
7743	1
7740	1
7741	6
7746	2
7747	6
7744	18
7745	6
7748	1
7749	1
3922	10
3923	2
3920	1
3921	2
3926	1
3927	1
3924	1
3925	4
3928	1
3929	5
6723	3
6722	16
6721	1
6720	2
6727	26
6726	1
6725	10
6724	25
6729	6
6728	1
8309	1
8308	1
5655	1
6099	1
6098	1
6091	5
6090	1
6093	1
6092	4
6095	1
6094	1
6097	2
6096	3
3678	2
3679	2
3672	13
3673	6
3670	2
3671	1
3676	6
3677	1
3674	14
3675	7
2543	1
2542	2
2541	6
2540	6
2547	2
2546	28
2545	1
2544	7
2549	8
2548	5
1456	3
1457	1
1450	14
1451	4
5003	27
3581	1
3582	2
3583	3
3584	2
3585	5
3586	1
3587	19
3588	1
3589	2
5009	16
1101	6
8747	1
902	10
903	3
900	38
901	1
906	1
907	1
904	4
905	12
4422	1
4423	6
908	4
909	8
4426	2
4427	1
4424	1
4425	3
8746	1
3293	4
8743	1
8934	4
8935	1
8936	4
8937	1
8742	1
8931	1
7824	1
8933	2
8938	2
8939	1
7175	2
7174	10
7177	4
7176	8
7171	1
7170	1
7173	1
7172	2
7179	1
7178	8
2916	1
718	1
1696	15
1697	5
1694	4
1695	3
1692	4
1693	1
1690	1
1691	1
1698	22
1699	4
1472	2
1473	7
1470	3
1471	11
1476	1
1477	8
1474	37
1475	12
1478	1
1479	4
4228	17
4229	6
8624	1
4224	5
4225	2
4226	2
4227	20
4220	1
4221	1
4222	5
4223	1
24	1
25	7
26	25
27	8
20	1
21	11
22	2
23	4
28	5
29	2
5588	6
5589	5
8625	6
1069	2
1068	1
1061	1
1060	1
1063	63
4923	2
1065	7
1064	24
1067	3
1066	4
2288	8
2289	5
2280	37
2281	4
2282	7
2283	16
2284	1
2285	12
2286	2
2287	14
4538	2
4539	1
8314	1
4828	7
8315	7
2056	2
8316	2
4534	2
8317	1
4535	2
8310	6
4927	1
4536	1
8311	18
9120	1
8233	3
9122	2
4825	6
9124	1
8312	10
9126	6
8232	29
9128	1
4530	16
8313	1
8231	1
4823	5
7759	2
7919	1
7918	1
4820	2
7913	1
4926	17
7911	73
4533	1
7917	3
7916	2
7915	1
7914	2
6288	1
6289	5
6284	5
6285	5
6286	1
6287	4
6280	8
6281	1
6282	1
6283	2
182	10
183	3
180	6
181	8
186	7
187	18
184	1
185	3
188	15
189	6
4924	5
6362	1
5833	6
869	2
868	4
652	1
3449	27
3448	21
861	1
860	51
863	3
3446	10
3441	49
3440	34
867	1
866	13
2024	1
2025	7
2026	21
2027	6
2020	24
2021	2
2022	5
2751	2
6364	3
2028	1
2029	3
2758	3
2759	12
5216	3
5217	4
5214	3
5215	2
5212	5
5213	2
5210	1
5211	4
5218	5
5219	4
3058	1
3059	1
3056	6
3057	3
3054	8
3055	2
3052	7
3053	2
3050	3
3051	21
4597	1
8	1
1317	7
1316	10
1315	5
1314	3
1313	11
1312	25
1311	2
1310	2
1319	2
1318	3
6446	2
6447	3
6444	1
6445	10
6442	10
6443	2
6440	1
6441	1
6918	2
6919	1
6448	5
6449	1
7728	1
7729	6
7720	1
7721	1
7722	3
7723	4
7724	1
7725	10
7726	1
7727	2
3948	2
3949	9
3940	46
3941	2
3942	5
3943	5
3944	15
3945	2
3946	1
3947	4
6709	1
6708	2
8329	1
8328	5
6701	4
6700	5
6703	2
6702	1
6705	2
6704	4
6707	16
6706	2
7535	3
7534	1
4057	4
4056	10
4055	5
4054	33
4053	24
4052	13
4051	8
4050	3
4059	2
4058	3
3610	2
3611	5
3612	1
3613	4
3614	1
3615	3
3616	30
3617	1
3618	75
3619	60
7536	2
2569	1
2568	4
2561	21
2560	1
2563	2
2562	7
2565	4
2564	31
2567	6
2566	3
5029	1
5028	2
5021	1
5020	1
5023	8
5022	1
5025	38
5024	1
5027	4
5026	14
4440	6
4441	2
4442	3
4443	3
4444	4
4445	1
4446	2
4447	19
4448	16
4449	14
964	5
965	1
966	24
967	2
960	3
961	18
962	4
963	40
968	7
969	6
7532	8
1537	4
1536	1
1535	22
1534	2
1245	14
1532	7
1247	2
3095	7
649	7
7327	1
1248	41
3236	1
5198	1
3234	1
3235	3
641	2
8912	2
5195	1
8910	1
8911	1
8916	1
8917	1
8914	3
5194	3
8918	1
8919	1
1614	3
1615	1
1960	1
640	18
5190	4
7113	1
7112	1
7111	14
7110	1
7117	1
5193	1
7115	3
7114	7
7119	4
1963	12
643	17
1678	11
1679	4
1674	1
1675	1
1676	4
1677	2
1670	5
1671	22
1672	1
1673	15
642	4
645	8
1418	8
1419	1
1410	8
1411	1
1412	1
1413	1
1414	7
1415	4
1416	3
1417	1
644	2
4208	6
4209	1
4202	1
4203	3
4200	3
4201	24
4206	1
4207	2
4204	1
4205	24
647	30
5568	1
5569	1
5564	1
5565	1
5566	1
5567	5
5560	1
5561	3
5562	1
5563	1
646	6
308	7
309	2
300	4
301	16
302	14
303	8
304	3
305	20
306	16
307	3
472	1
4893	9
4892	20
4891	3
2773	3
4897	1
7415	2
4896	33
4895	3
4894	1
6118	1
6119	1
6114	1
6115	1
6116	4
6117	1
6110	1
6111	4
6112	1
6113	3
9149	1
7283	1
7282	4
7281	8
7280	11
7287	7
7286	1
7285	2
7284	5
7939	2
7938	1
7289	3
7288	1
9102	1
9103	1
9100	1
9101	1
9142	1
9143	2
9140	2
9141	1
9146	3
9147	1
9144	1
9145	2
3429	11
3428	2
3423	7
3422	1
3421	2
3420	1
3427	13
3426	5
3425	4
3424	1
2002	1
2003	1
2000	58
2001	7
4589	2
2007	3
2004	27
4858	2
4585	2
4856	36
4587	34
4586	6
4853	5
4852	1
4851	2
4850	3
8628	1
8629	1
8158	1
8159	1
8156	1
8157	1
7392	2
8626	5
8627	10
8620	1
8621	1
8622	20
8623	1
1906	10
1087	1
1086	3
1085	27
1084	1
1083	3
1082	5
1081	1
1080	2
1089	22
1088	1
8859	3
8112	2
1904	1
8761	1
5134	1
449	1
448	14
1339	1
1338	12
1335	3
1334	4
1337	10
1336	1
1331	1
1330	1
1333	4
1332	15
6932	2
6933	1
6930	1
6931	3
6936	1
6937	4
6934	1
6935	2
8127	1
8126	1
6938	1
6939	1
8123	2
8122	12
8121	3
8120	1
7706	2
7707	1
39	16
38	27
7702	1
7703	1
7700	3
7701	6
33	32
32	5
31	1
30	1
37	15
36	1
35	1
34	2
1903	2
7514	6
1900	4
8348	1
8343	4
8342	2
8341	1
8340	1
8347	2
8346	1
8345	1
8344	1
3467	4
3466	1
845	4
3464	22
3463	15
3462	2
4079	7
4078	14
4075	3
4074	1
4077	3
4076	12
4071	3
4070	28
4073	5
4072	1
3966	1
3967	7
3964	1
3965	1
3962	49
3963	10
3960	7
3961	1
7510	2
3968	25
3969	2
8894	1
3638	12
3639	25
3636	4
3637	1
3634	4
3635	1
3632	2
3633	1
3630	9
3631	1
3469	1
3468	3
8769	5
5450	1
8768	1
8857	1
4468	1
4469	1
4466	1
4467	2
4464	2
4465	1
4462	1
4463	1
4460	1
4461	1
948	1
949	60
946	3
947	6
944	1
945	4
942	25
943	2
940	9
941	4
2410	2
6327	1
6326	2
6325	1
6324	8
6323	3
6322	2
6321	23
6320	4
6329	2
6328	1
8978	1
8979	8
8970	3
8971	2
8972	19
8973	4
8974	1
8975	1
8976	2
8977	1
6560	2
7139	3
7138	2
4793	4
7131	4
7130	3
7133	3
7132	1
7135	1
7134	1
7137	8
7136	1
1658	34
1659	14
1652	5
1653	1
1650	1
1651	1
1656	4
1657	62
1654	2
1655	1
586	12
5238	54
584	27
585	5
582	6
583	1
580	2
5239	15
588	15
589	4
2839	2
2838	5
2837	14
2836	13
2835	4
2834	1
2833	4
2832	1
2831	4
2830	1
3391	1
3390	4
5405	12
5404	24
5403	9
5402	1
5401	2
5400	2
3399	14
3398	14
5409	3
1439	1
5230	7
5231	1
7688	1
5232	3
4260	23
4261	16
4262	24
1732	20
4264	3
4265	2
4266	15
4267	1
4268	7
4269	1
1734	2
3702	4
5236	1
3703	1
5237	4
1885	4
5548	6
3701	1
5542	1
3706	2
5540	1
5541	1
5546	4
5547	1
5544	2
3707	2
1881	7
8598	1
8599	1
8596	17
8597	1
8594	3
1880	7
8592	2
8593	2
8590	1
8591	1
5890	1
5891	1
5892	1
5893	5
5894	2
5895	1
5896	2
5897	18
5898	2
4668	1
4669	12
2127	2
2126	1
4664	2
8447	3
2128	1
4666	7
4667	4
4660	3
4661	1
4662	2
4663	1
322	9
323	11
320	3
321	6
326	1
327	4
324	1
325	1
9168	2
328	3
329	4
1595	1
6138	4
6139	5
1594	1
6132	3
6133	4
6130	1
6131	18
6136	1
3072	1
6134	1
6135	1
3073	55
1591	4
1590	2
3076	4
3077	21
3252	6
2248	9
2249	7
2244	5
2245	10
2246	12
2247	12
2240	2
2241	33
2242	3
2243	4
3401	1
3400	6
3403	1
3402	87
3405	1
3404	2
3407	1
3406	32
3409	1
3408	1
7537	6
4875	1
4874	7
4877	21
4876	3
4871	4
4870	1
4873	1
4872	12
7531	7
4879	1
4878	2
7530	1
2068	4
2069	3
2798	10
2799	3
7533	8
2792	2
2793	2
2790	6
2791	1
2796	4
2797	1
2794	1
2795	2
3256	12
5692	1
5690	10
6178	1
8078	4
8786	1
5691	1
7096	2
7097	1
7094	5
7095	1
7092	4
7093	10
7090	1
7091	1
7098	2
7099	3
5696	1
4883	1
8105	2
8104	1
1359	9
1358	6
469	2
468	24
8103	2
8102	1
465	1
464	33
467	31
466	3
1357	19
460	4
1355	54
1354	7
6958	1
6959	4
6488	8
6489	1
6482	6
6483	25
6480	1
6481	1
6486	2
6487	1
6484	7
6485	1
4885	2
8214	2
8361	1
8360	7
8363	1
8362	1
8365	10
8364	1
8367	1
8366	1
8369	2
8368	4
9064	1
3184	15
3185	26
3186	2
3187	16
3180	1
3181	5
3182	1
3183	10
3188	15
3189	2
4019	13
4018	1
4013	1
4012	26
4011	1
4010	1
4017	1
4016	15
4015	12
4014	2
5797	30
3988	19
3989	4
3984	3
3985	15
3986	27
3987	5
3980	13
3981	1
3982	8
3983	3
5796	1
1447	1
1446	5
1445	26
289	13
288	2
1444	2
281	2
1443	3
283	6
282	1
285	51
284	12
287	11
1442	1
1441	14
1116	2
3561	12
5793	8
2477	1
2476	8
2475	1
2474	1
2473	19
2472	15
2471	7
2470	14
8548	3
2479	28
2478	6
7874	1
7875	4
7876	1
7877	1
7870	2
7871	1
7872	5
7873	1
7878	1
7879	1
5791	14
6309	1
6308	1
6305	1
6304	7
6307	1
6306	2
6301	2
6300	1
6303	1
6302	1
7695	5
8956	9
8957	3
8954	1
8955	1
8952	1
8953	1
8950	2
8951	1
8958	1
8959	1
8544	1
2907	8
2906	1
1986	1
3215	14
3216	1
1985	1
3210	39
3211	30
3212	1
3213	38
1638	1
2134	1
2904	105
3218	2
3219	2
1988	1
1989	3
2909	1
2815	30
2814	49
2817	36
707	8
2811	1
2810	9
2813	5
2812	5
560	42
561	1
562	2
563	6
2819	38
2818	1
566	1
567	74
5429	3
5428	2
3379	1
3378	1
5425	1
5424	1
5427	16
5426	2
3373	1
5420	22
5423	1
5422	14
6686	3
4248	2
4249	28
4246	1
4247	2
4244	7
4245	1
4242	6
4243	1
4240	1
4241	7
5520	4
5521	2
5522	1
5523	6
5524	1
5525	1
5526	14
5527	8
5528	1
5529	3
48	2
49	3
46	4
47	1
44	10
45	31
42	45
43	1
40	3
41	1
8542	31
4848	2
6547	10
6546	1
6545	3
6544	1
6543	7
6542	8
6541	3
6540	1
6549	24
6548	25
5310	2
7841	1
344	4
345	3
346	3
347	4
340	1
341	29
342	35
343	10
348	4
349	50
7519	1
7518	7
6150	23
6151	2
6152	1
6153	2
6154	1
2132	1
6156	2
6157	1
6158	8
6159	3
8307	1
8306	3
8305	2
4831	6
8304	1
4526	1
3237	13
4833	2
8302	1
4524	12
8301	6
4835	2
8300	1
4834	2
4837	2
8758	1
4836	1
8759	3
4784	1
8208	7
8209	2
8754	1
2268	2
2269	5
8755	1
2262	8
2263	1
2260	1
2261	5
2266	6
2267	12
2264	1
2265	16
8205	12
8750	1
8751	1
8752	2
8753	1
8303	28
2046	1
2047	8
2044	4
2045	4
2042	3
2043	5
2040	22
2041	1
4819	20
4818	2
2048	1
2049	4
8230	1
7629	1
8237	3
8236	1
8235	1
8682	1
8234	1
1365	4
7078	21
7079	2
7074	7
7075	4
7076	6
7077	1
7070	2
7071	2
7072	2
7073	1
8683	2
6976	1
6977	1
6974	1
6975	2
6972	2
6973	5
6970	10
6971	2
8169	1
8168	2
6978	10
6979	1
8680	3
8681	1
8389	2
8388	1
8387	1
8386	1
8385	5
8384	1
8383	9
8382	5
8381	2
8380	1
8686	3
4389	4
4388	9
4383	1
4382	4
4381	19
4380	4
4387	1
4386	2
4385	16
4384	1
407	4
406	12
405	24
1372	2
1375	24
1374	1
1377	1
400	17
1379	7
1378	2
409	3
408	13
8684	1
4031	2
4030	6
4033	7
4032	3
4035	3
4034	1
4037	4
4036	3
4039	3
4038	57
8173	1
8685	9
8174	4
5498	2
5499	14
2459	3
2458	11
2455	27
2454	4
2457	4
2456	2
2451	14
2450	37
2453	10
2452	9
7852	1
7853	15
7850	1
7851	1
7856	2
7857	11
7854	25
7855	1
7858	1
7859	2
656	1
657	11
654	18
6369	3
655	14
6363	1
3089	2
6361	1
6360	13
6367	1
6366	5
6365	1
3088	1
650	2
651	3
4982	2
1508	8
1509	9
5496	3
1601	1
658	33
1600	9
3082	1
1603	2
3226	3
5497	1
1605	2
1604	41
1607	19
1606	4
3232	9
3233	1
3230	4
3231	9
1968	10
1969	5
1618	7
1619	2
1616	9
1617	5
3238	2
3239	2
1612	18
1613	1
1610	37
1611	6
2873	3
2872	21
2871	4
2870	1
2877	4
2876	17
2875	1
2874	1
2879	1
2878	56
3355	20
3354	2
3357	6
3356	3
3351	46
3350	1
3353	21
3352	4
3359	9
3358	7
5449	21
5448	2
5443	2
5442	1
5441	3
5440	1
5447	2
5446	19
5445	1
5444	1
5493	1
5508	2
5509	1
5506	1
5507	8
5504	10
5505	1
5502	2
5503	2
5500	2
5501	1
542	1
543	3
540	3
541	3
546	20
547	7
544	7
545	9
548	7
549	2
6155	1
5476	1
6569	6
6568	1
5477	22
6565	3
6564	2
6567	5
6566	4
6561	1
5474	50
6563	1
6562	1
7687	1
7686	1
7685	2
5475	8
7683	1
7682	1
7681	1
7680	2
5472	30
5136	2
7689	1
5473	4
3827	1
3826	1
3825	3
3824	1
3823	3
3822	4
3821	3
3820	2
5471	2
5001	10
3829	7
3828	7
8444	2
8445	2
8446	1
5000	2
8440	1
8441	1
8442	1
8443	1
5007	1
8448	1
8449	1
5006	1
5005	25
5004	10
7539	4
7538	4
368	12
369	12
366	1
367	9
364	3
365	3
362	21
363	6
360	14
361	24
5008	8
1945	35
9158	7
5133	1
6179	2
6176	7
6177	1
6174	7
6175	2
6172	4
6173	6
6170	1
6171	3
7052	1
6511	1
3217	1
7902	1
2200	2
2201	2
2202	3
2203	3
2204	7
2205	1
2206	2
2207	1
2208	7
2209	1
4428	1
4429	2
4839	1
4838	1
4529	1
4528	1
4527	1
4830	4
4525	7
4832	4
4523	3
4522	7
4521	1
4520	5
7993	7
7992	1
7991	3
7990	2
7997	1
7996	11
7995	1
7994	4
7999	1
7998	1
4420	13
4421	1
5298	21
5299	4
5296	1
5297	2
5294	1
5295	1
5292	1
5293	2
5290	6
5291	1
8141	37
8140	1
8143	4
8142	8
8145	1
8144	10
8147	6
8146	7
7337	1
7336	1
7335	1
7334	1
7333	2
7332	1
7331	1
7330	1
7339	2
7338	1
5510	1
7058	8
7059	5
5697	1
7053	1
7050	2
7051	19
7056	1
7057	31
7054	2
7055	1
9026	1
5516	2
8149	6
8148	1
6998	1
6999	1
8639	3
8638	1
6994	1
6995	2
6996	7
6997	1
6990	4
6991	3
6992	2
6993	1
2998	5
2999	1
59	2
58	15
55	1
54	4
57	2
56	1
51	35
50	56
53	3
52	8
2990	4
2991	1
2992	1
2993	10
2994	8
2995	1
2996	11
2997	1
429	5
428	14
1399	6
1398	31
421	9
420	7
423	5
422	9
425	125
424	1
427	11
426	6
854	13
855	38
856	8
857	14
850	13
851	2
852	2
853	20
1422	5
8259	2
1425	10
8258	1
2330	56
1424	2
2331	1
2332	3
2333	14
2334	55
2335	14
2336	9
4713	1
6699	1
6698	2
6693	13
6692	9
6691	1
6690	7
6697	11
6696	1
6695	1
6694	10
2439	4
2438	2
2433	1
2432	1
2431	23
2430	2
2437	38
2436	55
2435	13
2434	1
7838	2
7839	2
7830	12
7831	10
7832	1
7833	1
7834	16
7835	1
7836	1
7837	1
6341	3
6340	34
6343	1
6342	2
6345	4
6344	3
6347	1
6346	17
6349	43
6348	3
5470	4
3782	10
1806	2
1805	10
3781	1
1803	8
3787	2
3784	5
1800	2
8992	1
8993	3
3788	6
3789	3
8996	1
8997	1
1809	2
1808	20
4996	12
4997	1
4994	23
4995	2
4992	5
4993	1
4990	3
4991	4
4998	3
4999	1
1547	5
6517	2
3258	6
3259	4
1948	7
1949	1
1942	2
1943	45
1940	4
1941	2
1946	5
1947	5
1944	2
3257	35
2859	1
2858	39
2851	7
2850	1
2853	15
2852	1
2855	7
2854	14
2857	1
2856	21
5461	4
5460	1
1492	4
1493	1
1494	1
1495	9
1496	14
1396	1
1498	7
1499	3
3339	1
3338	1
1395	1
1394	21
1393	2
1392	3
1391	47
1390	2
524	22
525	1
526	8
527	8
520	24
521	14
522	6
523	4
8930	1
528	5
529	5
1234	10
1235	5
1236	18
1237	1
1230	2
1231	4
1232	2
1233	9
1238	1
1239	20
8286	5
8287	1
8284	3
1964	7
8282	1
8283	1
8280	3
8281	1
8288	1
8289	1
6509	5
6508	1
2488	5
6503	1
6502	7
6501	1
2489	12
6507	1
6506	1
6505	4
6504	1
4677	7
4900	31
4675	1
2485	3
3809	1
3808	4
3805	1
3804	1
3807	8
3806	1
3801	3
3800	10
3803	18
3802	4
8462	1
8463	1
8460	5
8461	4
8466	1
4907	1
8464	2
8465	1
8468	4
2481	14
1967	3
7559	2
7558	2
7553	4
7552	1
7551	4
7550	1
7557	5
7556	1
7555	1
7554	12
4174	1
4175	5
4176	9
4177	2
4170	4
4171	4
4172	1
4173	15
1961	1
4178	3
4179	6
7395	1
1962	7
7397	1
7396	1
7391	2
7390	6
7393	9
2228	8
2229	2
2226	2
2227	3
2224	1
2225	2
2222	2
2223	1
2220	4
2221	72
1	22
5925	3
5926	1
5927	1
5920	6
5921	2
5922	1
5923	7
5928	1
5929	12
7399	1
8113	2
7398	3
4505	1
4504	1
4507	1
4506	1
4501	19
4500	15
4503	13
4502	2
4509	1
4508	1
2088	1
2089	45
2082	3
2083	2
2080	2
2081	38
2086	7
2087	3
2084	8
2085	1
9005	1
9133	1
9132	1
7319	1
7318	2
7315	3
7314	4
7317	1
7316	1
7311	1
7310	1
7313	1
7312	1
9130	1
7030	1
7031	1
7032	23
7033	1
7034	1
7035	1
7036	1
7037	1
7038	39
7039	2
9018	1
9019	9
9137	3
9136	1
7788	4
7789	5
7786	1
7787	6
7784	1
7785	2
7782	1
7783	1
7780	21
7781	5
9135	2
1009	6
1008	5
1007	6
1006	18
1005	1
1004	1
1003	1
1002	27
1001	2
1000	6
9134	1
4349	1
4348	1
4347	7
4346	1
4345	1
4344	1
4343	3
4342	9
4341	3
4340	2
8615	1
8614	1
8617	8
8616	1
8611	1
8610	1
8613	1
8612	2
8619	1
8618	1
8014	1
5719	9
5718	7
5717	2
5716	2
5715	13
5714	1
5713	1
5712	2
5711	9
5710	1
3575	6
5091	2
3577	5
7816	2
7817	1
7814	3
3576	1
7812	1
7813	1
7810	4
7811	1
3571	5
7818	5
3570	6
3573	14
3572	1
2666	10
2667	2
2664	2
2665	23
2662	7
2663	3
2660	1
2661	17
1829	6
1828	56
1825	3
1824	2
1827	1
1826	1
1821	38
1820	12
1823	13
1822	7
2147	9
2146	1
2413	19
2412	9
4978	1
4979	1
2417	1
2140	40
4974	1
2418	3
4976	1
4977	1
4970	3
4971	1
4972	2
4973	1
1920	13
1921	18
3274	7
3275	1
3272	4
1925	51
3270	1
3271	1
1928	15
1929	7
3278	10
3279	1
5586	1
2935	21
5587	2
5584	9
3319	3
3318	39
5585	3
5489	6
5488	3
3311	2
3310	10
3313	1
3312	9
3315	1
3314	13
3317	8
3316	2
5580	4
5581	2
7515	1
60	3
61	24
62	13
63	6
64	4
65	5
66	1
67	10
68	28
69	8
508	34
509	2
506	1
507	1
504	5
505	2
502	55
503	11
500	1
501	5
1212	4
1213	1
1210	9
633	2
1216	2
1217	2
636	5
637	1
638	9
639	66
1218	6
1219	8
6521	19
6520	1
6523	4
6522	1
6525	1
6524	17
6527	1
6526	2
6529	4
6528	3
8266	2
8267	1
8260	2
8261	2
8262	4
8263	1
8276	7
3869	1
3868	1
3863	11
3862	4
3861	6
3860	1
3867	34
3866	1
3865	7
3864	1
8408	3
8409	3
8400	1
8401	1
8402	4
8403	3
8404	1
8405	4
8406	33
8407	1
7571	2
7570	1
7573	1
7572	1
7575	13
7574	4
7577	10
7576	1
7579	1
7578	1
8814	1
4152	1
4153	12
4150	1
4151	22
4156	2
4157	5
4154	1
4155	1
4158	1
4159	6
8336	2
8334	1
8218	1
8335	1
8138	3
8338	5
8339	3
8748	1
5902	1
5903	1
5900	1
5901	2
5906	5
5907	1
5904	1
5905	1
5908	13
5909	1
8745	2
3489	1
3488	4
8744	2
3481	2
3480	3
3483	8
3482	5
3485	15
3484	1
3487	1
3486	15
4563	11
4562	4
4561	2
4560	1
4567	6
4566	18
4565	10
4564	3
4569	7
4568	1
6553	8
9190	2
6064	24
6065	1
6066	4
6067	4
6060	1
6061	1
6062	4
6063	1
6068	3
6069	6
2604	2
2605	1
2606	3
2607	24
2600	1
2601	4
2602	5
2603	1
2608	2
2609	16
5451	2
7379	1
7378	3
7373	4
7372	7
7371	1
7370	4
7377	1
7376	1
7375	1
7374	1
9032	26
9033	3
9030	3
9031	1
9036	1
9037	1
7018	2
7019	1
7016	1
7017	14
7014	31
7015	1
7012	7
5453	3
7010	7
7011	1
732	4
5454	2
8132	1
753	3
1807	8
751	2
750	5
757	1
756	3
755	3
754	7
9157	1
759	3
758	32
3780	1
1804	12
2958	6
2959	1
738	1
2954	4
5455	4
2956	12
2957	2
2950	12
2951	2
2952	41
1802	13
1025	6
1024	3
1027	1
5347	1
5340	3
1801	6
5342	3
1022	6
3785	14
1029	3
1028	6
5456	4
8990	3
4365	6
4364	1
4367	28
4366	6
4361	1
4360	1
4363	27
4362	4
4369	6
4368	2
5457	2
8995	1
3108	15
3109	4
3104	2
3105	5
3106	21
3107	6
3100	10
3101	8
3102	5
3103	17
8673	1
8672	3
8671	1
8670	1
5	22
8676	1
8675	4
8674	7
8679	1
8678	2
4093	1
4092	16
4091	14
4090	5
4097	2
4096	7
4095	1
4094	2
4099	1
4098	19
5735	1
5734	2
5737	1
5736	7
5731	1
5730	1
5733	8
5732	4
5739	11
5738	2
8097	1
8096	1
8095	3
8094	2
8093	1
8092	4
8091	1
8090	4
8099	1
8098	1
8898	2
6659	1
6658	1
6657	2
6656	1
6655	1
6654	22
6653	10
6652	2
6651	9
6650	5
9159	1
6385	4
6384	1
6387	1
6386	14
6381	1
6380	7
6383	1
6382	14
6389	3
6388	10
2381	1
2380	23
2383	8
2382	1
2385	10
2384	7
2387	2
2386	26
2389	1
2388	3
1849	4
1848	2
1843	1
1842	18
1841	15
1840	9
1847	3
1846	2
1845	13
1844	6
3250	15
4958	1
4959	4
2169	2
2168	1
3251	7
4952	35
4953	32
4950	11
4951	2
4956	2
4957	11
4954	3
2162	54
3253	1
2129	1
3254	2
3255	7
3298	2
3299	9
5139	3
5138	2
5137	8
3295	2
5135	1
3297	1
3290	3
5132	1
3292	21
5130	4
6891	15
6890	5
6893	3
6892	1
6895	15
6894	3
6897	1
6896	1
6899	1
6898	6
1735	7
1278	6
1279	1
618	10
619	7
1270	1
1271	2
1272	45
611	2
616	1
617	1
1276	3
1277	1
8798	1
8799	1
8248	1
8249	1
8242	1
8243	1
8240	1
8241	1
8246	2
8247	2
8244	15
8245	7
1490	1
3332	1
3331	2
3330	18
3337	7
3336	1
8426	1
8427	4
8424	4
8425	1
8422	1
3335	1
8420	2
8421	1
3334	3
8428	1
8429	10
5469	1
9123	1
5468	13
9125	1
3595	12
7599	2
7598	1
7597	1
7596	7
7595	2
5039	2
7593	1
7592	11
7591	3
7590	1
9129	2
3599	1
3598	1
4138	3
4139	1
4130	7
4131	2
4132	21
4133	1
4134	1
4135	1
4136	8
4137	1
3841	1
3840	5
3843	4
3842	3
3845	12
3844	47
3847	27
3846	8
3849	15
3848	1
5698	2
5699	2
7912	1
7910	1
5968	2
5969	1
5960	1
5961	1
5962	7
5963	1
5964	1
5965	3
5966	2
5967	3
4549	6
4548	5
4541	3
4540	1
4543	7
4542	4
4545	1
4544	1
4547	76
4546	6
1073	1
2594	2
2595	1
2596	1
2597	4
2590	2
2591	1
2592	2
2593	12
2598	4
2599	27
1070	1
6042	5
6043	1
6040	2
1343	2
6046	1
6047	2
6044	21
6045	5
6048	3
6049	7
8600	8
2622	1
2623	3
2620	1
2621	2
2626	52
2627	1
2624	2
2625	10
8606	1
2628	8
2629	1
8607	1
7351	8
7350	3
7353	12
7352	1
7355	2
7354	1
7357	1
7356	1
7359	1
7358	2
8605	1
8204	1
9058	1
9059	8
9050	4
9051	1
9052	1
9053	2
9054	1
9055	3
9056	1
9057	1
775	1
774	3
777	2
776	11
771	2
770	1
773	2
772	1
779	1
778	17
77	22
76	5
75	19
74	15
73	7
72	10
71	2
70	31
2972	3
2973	1
2970	5
2971	9
2976	7
2977	2
79	1
78	11
1043	6
5363	3
1041	3
1040	1
1047	5
1046	7
1045	28
1044	3
1049	30
1048	19
4303	1
4302	1
4301	3
4300	18
4307	1
4306	15
4305	1
4304	30
4309	3
4308	1
3128	4
3129	4
3122	1
3123	2
3120	8
3121	7
3126	27
3127	1
3124	8
3125	8
8659	2
8658	1
8651	3
8650	1
8653	2
8652	8
8655	32
8654	1
8657	1
8656	2
5753	1
5752	3
5751	2
5750	9
5757	1
5756	1
5755	5
5754	41
5759	18
5199	8
3445	1
4609	1
3444	2
3447	25
862	1
865	2
864	3
3443	4
3442	1
2756	2
2757	9
2754	8
7434	1
7435	7
7436	6
2755	15
7430	1
7431	12
7432	2
7433	1
2752	12
7438	6
7439	1
2753	1
2323	1
2750	2
2322	2
2023	10
4604	1
2321	2
6675	1
6674	4
6677	1
2320	2
6671	1
6670	1
6673	1
6672	5
2327	20
6679	1
6678	1
2326	46
4701	2
2324	6
8285	1
5197	12
4708	2
5196	3
2369	1
2368	5
2367	27
2366	1
2365	5
2364	12
2363	5
2362	10
2361	3
2360	1
5191	1
1861	21
1860	36
1863	1
1862	45
1865	16
3729	1
1867	7
1866	2
3724	3
3725	5
3726	13
3727	14
3720	11
3721	19
3722	1
3723	4
4686	2
4687	2
4684	1
4685	1
4682	1
4683	1
4936	6
4937	1
4938	3
4939	1
4688	2
4689	5
2109	9
2108	7
2103	1
2102	3
2101	7
2100	2
2107	2
2106	7
2105	31
2104	2
5115	17
5114	2
5117	8
5116	2
5111	3
5110	2
5113	5
5112	2
5119	4
5118	2
1717	1
5192	1
9	2
890	7
891	10
892	1
893	7
894	6
895	53
896	9
897	3
898	3
899	21
1788	29
1789	38
1780	43
1781	6
1782	10
1783	39
1784	1
1785	5
1786	1
1787	1
6879	3
6878	1
6877	2
6876	1
6875	5
6874	4
6873	1
6872	8
6871	37
6870	4
8220	3
8221	9
8222	2
8223	19
678	7
679	4
8226	1
8227	2
674	1
675	3
676	2
677	22
670	15
671	18
672	3
673	1
7609	11
7608	1
7607	1
7606	2
7605	1
7604	66
7603	6
7602	3
7601	23
7600	16
2491	1
2490	4
9179	1
2493	15
8467	2
2492	1
2495	9
1965	5
2494	2
2497	1
9178	2
2496	25
8469	1
1524	1
1525	2
1526	1
1527	2
1252	57
1521	12
1522	16
1523	2
1528	4
1529	2
1258	4
1259	7
4116	1
4117	1
4114	1
4115	20
4112	1
4113	1
4110	3
4111	2
4118	1
4119	4
7895	1
7103	6
9175	2
3340	3
7109	1
3341	3
5946	9
5947	5
5944	1
5945	1
1966	1
5943	6
5940	14
5941	1
5948	13
5949	5
6028	41
6029	1
6020	3
6021	3
6022	1
6023	1
6024	1
6025	4
6026	1
6027	10
2648	1
2649	17
2640	2
2641	32
2642	5
2643	7
2644	3
2645	31
2646	2
2647	9
9076	1
9077	1
9074	2
9075	1
9072	2
9073	3
9070	1
9071	5
9078	1
9079	1
3557	1
3556	24
3555	36
3554	69
3553	91
3552	3
3551	3
3550	10
3559	1
3558	3
2910	22
2911	1
2912	1
2913	1
2914	39
2915	2
719	25
2917	1
2918	5
2919	6
715	10
714	12
713	7
712	1
711	1
710	7
5308	8
5309	1
5300	31
5301	1
5302	3
5303	4
5304	1
5305	1
5306	9
5307	3
6956	2
4329	26
4328	1
4321	1
4320	19
4323	3
4322	4
4325	1
4324	1
4327	5
4326	1
3140	1
3141	3
3142	1
3143	11
3144	5
3145	5
3146	8
3147	3
3148	3
3149	15
1630	1
9156	1
5779	4
5778	2
5771	1
5770	1
5773	1
5772	1
5775	3
1631	14
5777	1
5776	1
9010	3
1632	7
1633	15
7412	3
7413	1
7410	1
7411	2
7416	1
7417	2
7414	4
1634	4
7418	1
7419	4
6613	6
6612	1
6611	1
6610	4
6617	5
1635	1
6615	4
6614	2
6619	2
6618	3
3500	69
1636	3
3501	1
3502	1
3503	2
3504	3
9011	1
3505	3
1637	3
3506	1
3507	3
2345	1
2344	4
2347	7
2346	2
2341	1
2340	3
2343	5
2342	3
2349	14
2348	8
2067	14
3708	15
3709	3
1889	3
1888	4
1887	4
1886	4
3700	6
1884	3
1883	3
1882	1
3704	1
3705	1
2121	5
2120	1
2123	35
2122	1
2125	9
2124	2
4918	10
4919	1
4916	2
4917	16
4914	2
4915	45
4912	16
4913	5
4910	24
4911	9
6917	1
6910	2
6911	4
5173	5
5172	1
5171	25
5170	1
5177	5
5176	16
5175	1
5174	2
5179	1
5178	6
133	1
132	1
131	10
130	1
137	9
136	2
135	12
134	12
139	1
138	5
5924	2
7254	2
7255	1
7256	29
7257	1
7250	1
7251	1
7252	1
7253	5
7258	1
7259	1
6855	1
6854	2
6857	3
6856	6
6851	3
6850	19
6853	6
6852	1
6859	1
6858	1
5339	1
88	5
89	16
82	21
83	1
80	16
81	1
86	11
87	3
84	29
85	18
9191	1
8804	1
8805	2
8806	1
8807	1
8800	1
8801	8
8802	6
8803	6
8808	36
8809	1
6583	4
6582	1
6581	11
6580	1
6587	1
6586	1
6585	1
6584	5
8206	5
8207	3
6589	6
6588	1
8202	1
8203	3
8200	1
8201	19
7625	1
7624	3
7627	1
7626	1
7621	1
7620	1
7623	3
7622	1
7128	3
7628	9
9193	3
7828	1
9192	2
8994	4
7822	3
9195	1
3368	1
1502	1
1503	1
1500	11
1501	1
1506	5
1507	8
1504	2
1505	5
3085	12
3084	8
3087	4
3086	1
3081	11
3080	1
3083	6
659	3
3369	7
9197	1
3885	11
3884	6
3887	3
3886	1
3881	7
3880	2
3883	12
3882	1
3889	6
3888	1
9196	3
2484	2
8325	17
8324	1
8327	4
8326	1
8321	1
7123	1
8320	1
8323	3
8322	2
1291	5
1296	2
6006	1
6007	7
6004	2
6005	1
6002	2
6003	7
6000	3
6001	2
1297	21
6008	3
6009	1
995	2
994	4
997	5
996	5
991	27
990	1
993	1
992	15
999	1
998	2
9098	7
9099	4
9094	2
9095	1
9096	1
9097	1
9090	1
9091	1
9092	3
9093	1
5098	2
5099	2
3579	3
3578	9
5090	1
3574	3
5092	6
5093	1
5094	3
5095	34
5096	2
5097	4
4497	3
4496	1
4495	2
4494	24
4493	1
4492	1
4491	23
4490	1
4499	2
4498	6
2938	4
2939	2
2936	1
2937	3
2934	31
1397	1
2932	5
2933	4
2930	10
2931	8
5326	10
5327	3
5324	3
5325	8
5322	14
5323	2
5320	3
5321	3
3799	8
5328	4
5329	1
3797	2
1839	20
2161	7
3168	1
3169	28
3166	16
3167	6
3164	5
3165	3
3162	15
3163	5
3160	6
3161	17
2154	13
2155	1
2404	1
731	2
730	65
733	1
2405	1
735	9
734	59
737	18
736	1
739	3
2402	4
2151	4
4987	3
2401	1
2006	2
1274	2
8567	4
8566	2
8565	2
8564	1
8563	1
8562	1
8561	1
8560	1
8569	1
8568	1
7478	2
7479	3
7470	9
7471	1
7472	4
7473	2
7474	1
7475	1
7476	7
7477	1
6639	5
6638	1
6631	3
6630	26
6633	22
6632	1
6635	1
6634	1
6637	2
6636	4
4707	10
4706	6
4705	3
4704	9
4703	10
4702	1
2325	5
4700	1
2329	7
2328	1
4709	6
2009	8
3760	9
3761	2
3762	1
3763	2
3764	1
3765	20
3766	6
3767	3
3768	11
3769	4
1292	1
1792	3
1293	6
1290	3
2499	1
2498	1
4648	1
4649	5
4642	6
4643	1
4640	2
4641	3
4646	1
4647	1
4644	1
4645	2
1294	3
7898	1
7899	4
7896	8
7897	13
7894	1
1295	1
7892	5
7893	16
7890	1
7891	1
5159	7
5158	11
5151	16
5150	6
5153	25
5152	6
5155	2
5154	3
5157	3
5156	6
115	1
114	3
117	1
116	1
111	13
110	18
113	3
112	4
3244	2
119	2
118	7
8932	5
7272	2
7273	1
7270	1
7271	1
7276	1
7277	1
7274	14
7275	1
7278	29
7279	2
8551	1
8556	4
8557	2
6833	5
6832	1
6831	1
6830	23
6837	1
6836	1
6835	5
6834	1
6839	21
6838	15
8005	1
8558	1
8559	3
8822	3
8823	1
8820	1
8821	1
8826	2
8827	5
8824	1
8825	2
8828	2
8003	3
8778	4
8779	1
8772	1
8773	3
8770	2
8771	1
8776	1
8777	2
8774	1
8775	1
7643	1
7642	1
7641	1
7640	1
7647	1
7646	8
7645	1
7644	1
7649	1
7648	1
9014	2
9015	1
9016	1
9017	2
1748	36
1749	3
1744	1
1745	2
1746	6
1747	5
1740	1
1741	6
1742	1
1743	1
7926	7
3308	1
7927	1
3309	3
7924	1
5494	44
7925	6
5495	2
7922	23
3304	4
7923	4
3305	14
7920	19
5490	8
7921	1
5491	1
1568	24
1569	9
1298	18
1299	1
5492	11
1560	10
1561	49
1562	1
1563	10
1564	3
1565	5
1566	23
1567	3
7462	8
7460	1
5638	3
5639	2
5634	5
5635	1
5636	1
5637	1
5630	4
5631	3
5632	1
5633	8
8480	1
8481	1
8482	1
8483	1
8484	3
8485	3
8486	1
8487	1
8488	4
8489	3
7464	3
