3382	0
5988	33
5989	5
5982	1
5983	3
5980	82
5981	40
5986	104
5987	40
5984	57
5985	1
6796	6
6797	52
6794	0
6795	25
6792	6
6793	0
6790	0
6791	10
6798	33
6799	19
2147	32
270	30
271	0
272	18
273	0
274	50
275	7
276	28
277	60
278	56
279	19
9258	11
9259	29
9256	7
9257	7
9254	0
9255	11
9252	0
9253	1
9250	17
9251	14
1370	30
1373	46
2142	29
3519	24
3518	11
3513	16
3512	0
3511	25
3510	62
3517	2
3516	31
3515	1
3514	26
2688	0
2689	22
2684	8
2685	7
2686	35
2687	84
2680	11
2681	9
2682	1
2683	35
1211	31
99	0
98	14
91	19
90	26
93	0
92	25
95	54
94	17
97	7
96	1
1177	20
1176	6
1175	7
1174	34
1173	58
1172	7
1171	0
1170	29
1179	1
1178	33
7188	9
7189	9
3431	46
7180	9
7181	71
7182	19
7183	29
7184	16
7185	31
7186	56
7187	1
623	73
3433	5
1226	23
3434	6
621	6
3435	67
620	8
8549	33
8548	15
8019	5
8018	7
8545	0
8016	17
8015	49
8546	38
8541	91
8540	0
8011	15
8010	14
7456	25
7457	48
7454	29
7455	53
7452	0
7453	1
7450	0
2740	15
624	11
2743	2
7458	10
7459	7
2034	28
2033	33
4849	10
2031	10
4595	6
2749	21
2748	16
4598	0
6536	11
4599	22
2318	22
8290	7
4735	24
8293	0
6535	0
4842	37
8295	6
4843	10
4738	19
8294	3
4739	0
8297	5
8296	38
393	12
392	6
391	53
390	5
397	28
396	37
395	40
394	80
399	0
398	3
2309	0
2308	15
4729	0
4728	6
4725	5
2300	14
4727	6
2302	62
4721	5
4720	42
4723	17
4722	3
5847	24
5846	24
5845	35
5844	0
5843	2
5842	44
5841	44
5840	35
5849	2
5848	59
3748	55
3749	58
3746	35
3747	39
3744	33
3745	18
3742	24
3743	52
3740	19
3741	45
4620	26
4621	22
4622	9
4623	49
4624	14
4625	5
4626	4
4627	18
4628	41
4629	3
179	45
178	47
177	39
176	142
175	1
174	0
173	3
172	24
171	20
170	24
7218	7
7219	35
7210	44
7211	21
7212	36
7213	23
7214	10
7215	5
7216	2
7217	33
6217	0
6216	11
6215	4
6214	7
6213	13
6212	1
6211	54
6210	7
6219	0
6218	0
6819	0
6818	12
6811	9
6810	42
6813	10
6812	0
6815	50
6814	0
6817	55
6816	10
1115	31
8848	31
8849	27
8840	33
8841	20
8842	0
8843	27
8844	0
8845	73
8846	63
8847	19
7669	61
7668	0
7661	0
7660	12
7663	36
7662	36
7665	46
7664	17
7667	0
7666	0
1768	71
1769	0
1762	29
1763	42
1760	12
1761	0
1766	28
1767	13
1764	17
1765	68
1546	103
693	2
690	23
691	34
696	15
697	24
694	8
695	52
698	63
699	302
1548	22
1549	44
8710	44
8711	14
8712	10
8713	1
8714	56
8715	0
8716	13
8717	0
8718	0
8719	26
5618	24
5619	0
5612	0
5613	11
5610	47
5611	19
5616	37
5617	35
5614	50
5615	26
1255	33
6778	2
6779	2
6774	8
6775	9
6776	56
6777	0
6770	0
6771	24
6772	30
6773	25
258	0
259	37
252	47
253	18
250	86
251	21
256	9
257	6
254	53
255	12
4665	20
3582	6
2432	0
3689	44
3688	4
3583	24
3683	2
3682	25
3681	1
3680	24
3687	26
3686	0
3685	0
3684	0
2518	61
2519	67
2514	18
2515	1
2516	32
2517	5
2510	26
2511	22
2512	0
2513	27
361	40
3531	39
3530	40
3533	42
3532	0
5058	52
3534	180
3537	14
3536	46
3539	32
3538	14
5056	47
5057	11
5050	0
5051	154
5052	25
5053	0
1159	93
1158	43
1155	78
1154	26
1157	0
1156	32
1151	40
1150	3
1153	32
1152	3
8035	12
8034	2
8037	41
8036	28
8031	35
8030	18
8033	55
8032	18
8039	44
8038	42
8529	55
8528	134
8523	26
8522	0
8521	16
8520	3
8527	45
8526	0
8525	24
8524	3
4299	22
4298	18
4295	1
4294	3
4297	5
4296	0
4291	0
4290	0
4293	43
4292	18
4749	48
4748	2
4743	50
4742	0
4741	26
4740	0
4747	7
4746	40
4745	23
4744	5
5869	54
5868	30
5865	13
5864	34
5867	22
5866	1
5861	3
5860	42
5863	4
5862	6
2183	200
2182	25
2181	7
2180	5
2187	5
2186	31
4608	28
2184	17
4606	0
4607	42
2189	64
2188	13
4602	17
4603	53
4600	34
4601	20
8682	12
6906	1
6905	83
6904	25
8686	11
8139	13
151	59
150	0
153	37
152	24
155	29
154	35
157	19
156	136
159	45
158	29
6900	0
6459	23
6458	1
8136	9
8137	76
6187	0
6186	12
6185	25
6184	17
6183	53
6182	0
6181	20
6180	49
6954	31
8133	3
6189	41
6188	36
2727	34
2726	211
2725	66
2724	0
2723	29
2722	36
2721	8
2720	41
2729	44
2728	6
7944	20
9190	65
7946	0
7947	6
7232	29
7233	48
7230	0
7943	0
9199	5
9198	29
7948	4
7949	34
7238	6
7239	36
692	49
6239	15
6238	12
6235	9
6234	42
6237	0
6236	84
6231	15
6230	28
6233	4
6232	44
7932	15
8866	9
8867	23
8864	46
8865	0
8862	0
8863	8
8860	10
8861	0
8868	8
8869	0
818	34
819	34
810	45
811	17
812	11
813	18
814	0
815	23
816	33
817	16
1700	120
1701	5
1702	52
1703	41
1704	21
1705	23
5261	51
1707	40
1708	38
1709	34
4572	25
5269	31
5268	7
4573	36
2091	0
4575	57
2093	30
4577	9
3959	5
7936	10
3029	43
3028	27
3027	102
3026	29
3025	61
3024	58
3023	31
3022	83
3021	11
3020	26
8738	0
8739	28
8736	0
8737	25
8734	43
8735	0
8732	11
8733	20
8730	17
8731	30
4198	0
4199	8
4196	13
4197	30
4194	15
4195	37
4192	61
4193	14
4190	0
4191	41
5670	19
5671	2
5672	1
5673	7
5674	3
5675	22
5676	25
5677	63
5678	0
5679	5
6437	1
6436	12
8190	0
6434	24
6433	22
8197	13
6431	2
6430	3
8198	0
8199	13
6439	1
6438	8
6758	35
6759	30
6752	0
6753	15
6750	6
6751	0
6756	37
6757	22
6754	8
6755	42
238	63
239	30
234	16
235	1
236	56
237	54
230	32
231	8
232	37
233	64
4681	44
2538	55
2539	0
2532	22
2533	14
2530	23
2531	28
2536	32
2537	18
2534	49
2535	44
5078	59
5079	0
5072	26
5073	46
5070	59
5071	41
5076	24
5077	8
5074	0
5075	19
939	43
938	43
933	30
932	11
931	44
930	31
937	8
936	1
935	0
934	32
5380	18
5381	3
5382	39
5383	37
5384	13
5385	35
5386	25
5387	0
5388	31
5389	11
1536	16
3227	4
797	24
796	126
795	29
794	61
9380	2
792	0
9382	160
9383	28
9388	0
9389	32
799	22
798	57
2412	25
2415	60
2414	35
1139	41
1138	58
2417	12
1133	20
1132	26
1131	14
1130	29
1137	21
1136	32
1135	45
1134	25
2419	50
2418	20
7148	33
7149	0
7144	38
7145	14
7146	37
7147	19
7140	13
7141	6
7142	16
7143	6
2149	40
4973	0
8501	28
8052	0
8503	35
8050	23
8505	15
8056	16
8055	38
8506	2
8509	11
8508	36
8059	36
8058	11
1535	43
2882	19
2883	44
2880	46
7499	0
2886	2
2887	7
2884	20
2885	66
7492	0
7493	1
2888	198
2889	38
7496	26
7497	14
7494	31
7495	2
2	0
3276	0
1921	58
3274	44
477	10
1923	32
1924	8
1925	67
1926	45
6589	41
3271	21
4761	17
4760	8
4763	97
4762	0
4765	23
4764	1
4767	5
4766	1
4769	55
4768	0
8767	3
5809	0
5808	0
5803	30
5802	47
5801	24
5800	3
5807	55
5806	66
5805	9
5804	12
1573	4
684	16
687	8
1570	10
1577	41
8768	2
1575	17
1574	2
3313	32
674	0
4888	8
4889	359
2709	27
2708	10
675	1
4880	55
4881	85
2707	126
2706	22
4884	10
2700	27
4886	0
2702	81
7962	13
7963	26
7960	9
7961	19
7966	11
7967	37
9179	14
7965	4
9177	7
9176	0
9175	21
7969	0
9173	34
9172	7
9171	10
9170	2
6259	28
6258	7
6253	0
6252	56
6251	5
6250	3
6257	7
6256	0
6255	49
6254	40
8017	23
8544	6
475	22
8547	62
832	38
3475	43
830	7
3477	10
8888	8
8889	4
3472	41
3473	32
8884	0
8885	1
8886	1
839	0
8880	0
8881	12
8882	1
8883	22
8543	1
8542	112
2413	61
7023	14
5249	9
5248	1
1728	10
1729	20
1726	41
1727	21
5247	25
5246	0
5241	1
5240	6
1720	50
1721	48
9004	0
9003	4
7026	2
7931	0
7025	11
7930	75
7024	38
7933	20
3005	0
3004	0
3007	14
3006	7
3001	38
3000	31
3003	48
3002	18
9458	4
3009	25
3008	0
7286	0
1588	21
1589	6
7937	4
1582	71
1583	17
1580	0
1581	14
1586	20
1587	9
1584	29
1585	29
7939	24
5481	47
7938	0
5480	41
7289	11
1635	0
9105	1
9102	10
9103	21
9452	6
5658	54
5659	4
5656	42
5657	37
5654	2
5655	46
5652	14
5653	38
5650	49
5651	2
6419	30
6418	15
6415	45
6414	83
6417	9
6416	1
6411	0
6410	11
6413	0
6412	39
7777	6
7776	25
7775	0
7774	24
7773	5
7772	0
7771	3
7770	0
7779	92
7778	0
3917	7
3916	11
3915	54
3914	6
3913	0
3912	4
3911	3
3910	26
3919	20
3918	8
6730	20
8315	38
8316	11
6733	6
6734	22
6735	38
8312	70
6737	5
6738	9
6739	20
8318	14
8319	23
2757	66
216	33
217	34
214	4
215	0
212	43
213	56
210	24
211	0
218	0
219	0
6088	12
6089	263
6086	31
6087	3
6084	3
6085	10
6082	15
6083	23
6080	79
6081	32
3649	2
3648	30
3647	35
3646	47
3645	11
3644	35
3643	31
3642	36
3641	47
3640	0
2550	1
2551	35
2552	7
2553	27
2554	9
2555	6
2556	34
2557	39
2558	7
2559	4
5010	76
5011	0
5012	22
5013	4
5014	6
5015	10
5016	28
5017	18
5018	25
5019	0
4419	25
4418	38
4417	41
4416	4
4415	0
4414	41
4413	21
4412	19
4411	1
4410	158
919	25
918	80
915	3
914	33
917	2
916	34
911	61
910	24
913	37
912	4
7168	30
7169	15
7162	25
7163	1
7160	0
7161	10
7166	0
7167	48
7164	33
7165	0
8079	38
8078	99
3420	0
1807	21
1213	0
8071	0
8070	12
8073	0
8072	0
8075	11
8074	8
8077	8
8076	40
793	33
634	22
1217	9
1214	70
637	0
1447	6
1110	15
1445	27
1112	13
1443	14
1114	17
1117	56
1116	37
1119	7
1118	55
1449	29
1448	66
4859	35
2005	28
791	13
4585	8
4856	52
2008	69
4854	6
4581	18
4580	24
2301	121
4583	6
4724	25
6525	20
4582	34
2303	18
8269	23
8634	0
4726	2
2305	73
2304	21
8264	14
2307	13
4789	10
4788	30
4787	24
4786	6
4785	59
2306	8
4783	15
4782	15
4781	0
4780	62
5821	15
5820	31
5823	1
5822	20
5825	14
5824	10
5827	18
5826	8
5829	17
5828	6
7914	7
1182	20
199	4
198	42
195	0
194	38
197	5
196	23
191	25
190	2
193	66
192	55
6912	58
9155	12
9154	1
2769	6
2768	0
9151	28
9150	0
9153	9
9152	73
2763	0
2762	0
2761	0
2760	2
9159	0
2766	28
2765	20
2764	24
7908	4
7909	0
7900	1
7901	31
7902	1
7903	10
7904	24
7905	7
7906	2
7907	33
6271	17
6270	35
6273	26
6272	12
6275	7
6274	25
6277	16
6276	0
6279	59
6278	26
1183	20
4916	1
854	42
3453	32
3450	0
857	22
850	52
3457	0
3454	25
853	19
3458	42
3459	44
858	46
859	8
6	0
9384	3
5229	35
5228	16
5223	71
5222	19
5221	2
5220	27
5227	0
5226	93
5225	9
5224	23
3063	6
3062	8
3061	29
3060	39
3067	32
3066	6
3065	10
3064	58
3069	9
3068	51
1304	5
1305	27
1306	1
1307	0
1300	10
1301	5
1302	64
1303	2
1308	16
1309	0
498	26
499	57
494	11
495	11
496	20
497	1
490	43
491	51
492	71
493	31
8216	0
6479	36
6478	25
6473	41
6472	0
6471	36
6470	0
6477	5
6476	20
6475	23
6474	35
7759	3
7758	5
7755	18
7754	0
7757	71
7756	40
7751	1
7750	52
7753	108
7752	0
3939	3
3938	1
3935	0
3934	44
3937	32
3936	3
3931	0
3930	12
3933	29
3932	120
8332	25
8333	7
8330	39
8331	8
8336	15
8337	63
6718	40
6719	4
6716	25
6717	12
8338	37
6715	4
6712	5
6713	17
6710	14
6711	55
4044	4
4045	54
4046	30
4047	39
4040	46
4041	4
4042	0
4043	0
4048	11
4049	45
3665	68
3664	14
3667	7
3666	45
3661	0
3660	23
3663	20
3662	8
3669	24
3668	72
5582	0
2578	49
2579	59
2576	3
2577	47
2574	30
2575	34
2572	0
2573	0
2570	23
2571	68
3593	9
3592	0
3591	3
3590	0
3597	0
3596	13
5038	46
3594	11
5036	0
5037	27
5034	15
3598	22
5032	38
5033	4
5030	12
5031	2
4435	25
4434	45
4437	11
4436	0
4431	3
4430	68
4433	5
4432	21
4439	0
4438	79
977	37
976	35
975	11
974	2
973	38
972	26
971	0
970	23
979	47
978	30
1088	19
5197	32
8927	0
8926	19
8925	30
8924	5
8923	28
8922	3
8921	4
8920	0
8929	0
8928	16
5414	34
5415	7
3384	13
7100	22
7101	0
7102	0
7103	29
7104	8
7105	31
7106	8
7107	6
7108	19
7109	9
3383	53
5412	5
5413	9
1681	39
1680	5
1683	41
1682	0
1685	43
1684	52
1687	26
1686	0
1689	44
1688	34
3388	7
650	35
1469	34
1468	0
1465	0
1464	47
1467	24
1466	47
1461	68
1460	18
1463	82
1462	35
4239	4
4238	3
4237	27
4236	18
4235	0
4234	9
4233	1
4232	1
4231	0
4230	154
5591	23
5590	22
5593	15
5592	58
5595	0
5594	0
5597	0
5596	109
5599	3
5598	59
7285	13
319	84
318	11
313	8
312	125
311	36
310	28
317	48
316	34
315	8
314	10
3299	16
4212	26
1335	16
442	22
1337	83
1336	12
1331	10
446	42
445	30
444	19
630	13
8699	0
6937	33
2299	25
2298	37
8129	5
2293	49
2292	22
2291	25
2290	38
2297	8
2296	36
2295	17
2294	27
8127	14
8694	7
6938	2
6939	0
8123	20
8122	55
8121	22
8692	1
7290	102
7927	0
7292	10
7925	21
7922	54
7923	39
7920	47
7921	0
7298	3
7299	36
9139	0
9138	12
7704	24
7928	1
7929	32
38	64
6299	18
6298	0
6297	47
6296	27
6295	53
6294	26
6293	26
6292	0
6291	42
6290	2
37	45
7708	8
34	7
8511	7
3438	0
3439	9
4936	44
878	14
879	54
876	0
877	0
874	27
875	3
872	167
873	34
870	29
871	64
2741	0
2036	32
2035	38
2742	70
2745	25
2744	19
2747	33
2030	17
4844	0
4845	66
4846	25
4847	21
4840	0
4841	15
2039	23
2038	46
5201	17
5200	35
5203	23
5202	0
5205	2
5204	0
5207	4
5206	52
5209	8
5208	9
5193	0
1911	27
3049	9
3048	177
3041	35
3040	33
3043	5
3042	7
3045	17
3044	115
3047	32
3046	5
1913	3
1094	33
1095	177
1096	0
1097	34
1090	2
1091	43
1092	82
1093	63
1912	48
1098	106
1099	64
3294	10
1322	40
1323	0
1320	15
1321	21
1326	0
1327	49
1324	30
1325	12
1328	4
1329	36
6451	17
6450	13
6453	0
8681	5
6455	26
8687	0
8684	5
8685	67
8134	0
8135	8
8688	19
8689	11
8130	34
8131	4
6909	30
6908	32
1917	58
7739	2
7738	17
7733	59
7732	0
7731	27
7730	0
7737	56
7736	1
7735	0
7734	26
1916	8
3958	5
3953	1
3952	4
3951	5
3950	71
3957	0
3956	52
3955	4
3954	38
8358	7
8359	2
8350	22
8351	0
8352	54
8353	12
8354	2
8355	0
8356	3
8357	34
4062	20
4063	0
4060	0
4061	0
4066	0
4067	25
4064	90
4065	6
4068	23
4069	15
5784	25
5785	75
5786	7
5787	3
5780	9
5781	20
5782	4
5783	34
5788	31
5789	1
3603	1
3602	16
3601	6
3600	35
3607	40
3606	28
3605	47
3604	27
3609	23
3608	20
3296	7
4453	20
4452	26
4451	3
4450	54
4457	0
4456	0
4455	20
4454	4
4459	11
4458	29
959	14
958	22
951	36
950	66
953	15
952	11
955	11
954	2
957	120
956	50
6334	11
6335	50
6336	106
6337	10
6330	11
6331	3
6332	27
6333	15
6338	32
6339	81
8909	34
8908	4
8905	0
8904	0
8907	0
8906	0
8901	11
8900	0
8903	32
8902	0
2174	16
4968	12
7128	14
7129	0
7126	2
7127	22
7124	6
7125	85
7122	36
7123	0
7120	49
7121	14
2179	25
1669	36
1668	0
1667	25
1666	0
1665	134
1664	32
1663	18
1662	26
1661	37
1660	19
591	6
590	4
593	41
592	0
595	54
594	28
597	3
596	126
599	0
598	0
2828	14
2829	2
2824	30
2825	26
2826	25
2827	52
2820	0
2821	11
2822	42
2823	66
3386	26
3387	48
5416	19
3385	13
5410	4
5411	34
3380	3
3381	0
1490	1
5418	0
5419	3
7953	0
3389	33
1409	62
1408	56
1403	7
1402	0
1401	0
1400	22
1407	1
1406	11
1405	13
1404	0
4215	0
4214	20
4217	14
4216	17
4211	5
4210	1
4213	82
1547	6
3961	0
4219	9
4218	1
1545	16
1542	7
1543	16
3261	11
1540	0
5579	3
3260	27
5577	22
5576	2
5575	0
5574	30
5573	56
5572	40
5571	46
5570	44
1930	64
3968	57
5128	53
5798	25
5129	0
339	14
338	47
335	76
334	79
337	38
1934	40
331	37
330	27
333	95
332	0
3269	85
3268	7
1939	14
1494	24
5127	0
5002	20
1496	27
1497	14
6109	41
6108	0
6107	26
6106	4
6105	44
6104	5
6103	13
6102	0
6101	63
6100	0
9119	32
9118	0
9449	0
9448	8
9111	45
9110	2
9445	7
9112	160
9115	16
9442	0
9441	34
9440	2
7749	7
3416	7
8530	38
3414	48
3415	14
3412	7
3413	44
3410	36
3411	57
1931	18
8020	34
3418	51
3419	34
8533	31
8026	16
8027	17
4868	38
4869	22
2019	42
8024	13
4862	18
2014	14
4860	25
8537	37
4866	1
4867	13
2013	16
4865	15
1936	23
2881	1
9034	8
9035	42
1935	30
9038	4
9039	32
9447	14
9446	4
9113	28
9444	0
9443	21
9114	3
9117	55
9116	0
1348	26
1349	35
1340	44
451	23
452	38
1343	1
454	78
1345	0
1346	3
457	55
8118	29
8119	19
6929	7
6928	121
6925	34
6924	12
8110	9
6926	0
6921	0
8117	20
8114	0
6922	25
7711	22
7710	19
7713	9
7712	0
7715	5
7714	25
7717	0
7716	0
7719	0
7718	1
6444	0
8376	24
8377	37
8374	7
8375	14
8372	10
8373	3
8370	16
8371	11
833	10
8378	121
8379	0
9435	3
4008	0
4009	1
4000	25
4001	59
4002	17
4003	26
4004	19
4005	22
4006	26
4007	29
3971	37
3970	10
3973	48
3972	18
3975	14
3974	33
3977	83
3976	13
3979	3
3978	0
3629	4
3628	51
8140	0
3621	14
3620	27
3623	52
3622	0
3625	31
3624	40
3627	1
3626	11
6446	25
4479	0
4478	0
4471	4
4470	30
4473	29
4472	41
4475	0
4474	93
4477	0
4476	20
2464	36
2465	0
2466	48
2467	73
2460	8
2461	0
2462	81
2463	19
2468	39
2469	1
1026	0
9459	19
5340	12
5341	12
5342	8
3417	8
1022	39
6312	32
6313	19
6310	15
6311	71
6316	17
6317	2
6314	50
6315	8
6318	42
6319	0
1029	19
5349	3
9308	45
9309	5
8531	0
9304	1
9305	54
9306	0
9307	10
9300	1
9301	0
9302	0
9303	0
8969	52
8968	10
8963	13
8962	41
8961	30
8960	0
8967	12
8966	52
8965	12
8964	0
9455	0
1645	0
1644	31
1647	29
1646	6
1641	20
1640	25
1643	0
1642	33
1649	0
1648	3
9456	0
579	28
578	54
573	31
572	28
571	19
570	5
577	37
576	15
575	0
574	0
2808	11
2809	41
2802	0
2803	51
2800	8
2801	109
2806	12
2807	6
2804	2
2805	45
5432	10
1420	93
1423	31
5431	0
1425	53
1424	29
5434	55
1426	73
1429	0
1428	9
3366	0
5439	29
3360	4
3361	59
3362	12
3363	31
2018	47
4273	11
4272	34
4271	54
4270	90
4277	22
4276	4
4275	0
4274	65
609	25
4279	3
4278	22
608	35
5555	29
5554	21
5557	6
5556	13
5551	1
5550	40
5553	200
5552	24
5559	1
2017	18
2016	10
2011	0
2010	48
8589	11
8588	1
4864	0
8581	22
8580	17
8583	0
2012	562
8585	3
8584	15
8587	0
8586	0
5883	57
5882	66
5881	5
5880	0
5887	0
5886	54
5885	0
5884	23
5889	17
5888	35
6554	3
6555	24
6556	47
6557	9
6550	0
6551	11
6552	83
6553	63
6558	9
6559	32
7504	108
7505	34
355	20
7507	0
7500	21
7501	21
351	21
7503	41
7508	0
7509	0
359	88
358	23
6125	0
6124	30
6127	38
6126	20
6121	1
6120	2
6123	25
6122	42
6129	11
6128	3
5	56
2190	6
2191	7
2192	23
4630	5
2259	14
2258	18
2257	1
4637	48
2255	10
2254	4
2253	70
2252	21
2251	1
2195	31
2196	11
4634	58
4800	11
2784	1
2787	10
2786	9
2781	25
2780	19
4806	0
4807	32
4808	30
4809	5
2789	0
2788	0
9465	5
9464	0
9467	29
9466	22
9461	17
9460	0
9463	22
9462	22
2073	32
2072	2
2071	30
2070	42
9469	29
9468	7
2075	29
2074	29
8790	4
8977	14
8791	11
7081	2
7080	0
7083	8
7082	22
7085	24
7084	6
7087	39
7086	0
7089	63
7088	44
8170	0
6494	12
8172	2
6496	11
8174	10
8175	20
6493	40
6492	34
8178	156
8179	7
6499	8
6498	3
6949	1
6948	36
6943	12
6942	40
6941	30
6940	30
6947	22
6946	54
6945	0
6944	22
8205	33
8998	11
8398	34
8399	50
8394	0
8395	35
8396	13
8397	20
8390	0
8391	22
8392	1
8393	16
4398	6
4399	29
4390	9
4391	21
4392	27
4393	17
4394	3
4395	45
4396	12
4397	0
1366	0
1367	29
3195	0
3194	28
3193	52
3192	2
3191	7
1361	33
478	5
479	54
1368	72
3198	115
4026	32
4027	0
4024	7
4025	11
4022	36
4023	26
4020	35
4021	12
4028	18
4029	18
3999	33
3998	18
3997	42
3996	18
3995	0
3994	49
3993	0
3992	0
3991	11
3990	4
8165	0
8999	7
2027	15
298	73
299	6
296	1
297	4
294	12
295	55
292	45
293	52
290	37
291	29
587	45
5487	35
2442	2
2443	40
2440	12
2441	15
2446	4
2447	21
2444	33
2445	15
2448	4
2449	33
7867	0
7866	0
7865	42
7864	5
7863	25
7862	51
7861	7
7860	0
5486	9
7869	22
7868	0
6378	16
6379	9
6370	11
6371	5
6372	5
6373	0
6374	0
6375	69
6376	19
6377	0
4978	1
9328	0
9329	1
9322	21
9323	0
9320	1
9321	3
9326	77
9327	0
9324	0
9325	40
8941	3
8940	39
8943	21
8942	0
8945	0
8944	37
8947	0
8946	0
8949	15
8948	3
5483	57
1436	17
1437	29
7394	5
3393	3
3392	21
5403	23
3394	37
1623	24
3206	20
1993	8
1620	201
1995	26
3202	46
1625	0
3200	14
1999	35
1998	50
5188	4
1628	83
3209	33
3208	0
3535	34
5059	58
2860	8
2861	18
2862	13
2863	16
2864	90
558	39
2866	11
2867	0
555	32
554	134
557	9
556	19
551	11
550	8
553	2
552	0
5054	13
5409	16
5055	8
1439	2
1199	78
1198	45
3348	9
3349	0
5450	8
1190	42
5452	1
5453	2
5454	11
5455	1
3344	28
5457	7
4259	49
4258	0
4251	47
4250	41
4253	3
4252	18
4255	35
4254	49
4257	9
4256	45
5533	20
5532	12
5531	63
5530	37
5537	6
5536	0
5535	57
5534	16
5539	22
5538	13
458	0
459	22
6572	16
6573	0
6570	24
6571	0
6576	16
6577	30
6574	13
6575	24
6578	38
6579	62
5100	36
7694	22
7695	25
7696	0
7697	15
7690	18
7691	1
7692	3
7693	5
7698	20
7699	37
3834	57
3835	32
3836	30
3837	0
3830	0
3831	8
3832	28
3833	0
1344	0
3838	32
3839	34
455	24
3207	7
456	8
1347	32
7522	70
7523	24
7520	58
7521	25
7526	40
7527	8
7524	9
7525	60
371	20
370	5
373	7
7529	6
375	30
374	10
377	0
376	76
6143	45
6142	12
6141	11
6140	46
6147	7
6146	175
6145	25
6144	0
6149	6
6148	16
6927	18
8111	6
8116	2
6920	19
6923	0
8115	6
3203	25
2275	42
2274	29
2277	18
2276	11
2271	44
2270	40
2273	33
2272	56
2279	0
2278	3
2051	11
2050	9
2053	46
2052	0
4538	0
4539	1
2057	7
4829	26
2059	10
4535	22
4824	14
4825	5
4822	41
4823	12
4820	13
4821	52
7980	58
9402	0
7982	8
9400	2
7984	13
9406	16
7986	0
7987	6
7988	13
7989	18
9409	12
9408	12
3226	22
2095	19
7324	0
7325	0
7326	6
7327	15
7320	19
7321	1
7322	13
7323	0
7328	1
7329	13
808	16
8225	0
8853	0
8852	20
8851	5
800	22
7069	0
7068	5
7067	7
807	17
7065	0
7064	19
7063	6
7062	26
7061	20
7060	44
8855	27
804	41
6961	28
6960	4
6963	0
6962	2
8628	0
6964	32
6967	1
8159	6
8156	0
8157	12
8154	28
8627	28
8152	0
8153	27
8150	27
8623	5
3784	37
414	33
415	2
416	7
417	28
1388	33
411	53
412	5
413	23
1384	16
1385	6
1386	60
1387	23
418	25
419	0
1382	44
1383	59
5274	18
5460	0
5275	17
5276	0
3789	26
5277	1
5270	13
1770	42
5463	18
5272	1
8101	33
1772	34
8100	13
1779	59
5279	3
6688	12
6689	0
6680	3
6681	38
6682	0
6683	22
6684	38
6685	6
6686	12
6687	5
2428	35
2429	4
2400	0
2420	9
2421	7
2422	63
2423	35
2424	24
2425	24
2426	16
2427	36
7849	4
7848	1
7845	0
7844	31
7847	21
7846	5
7841	23
7840	14
7843	0
7842	6
6356	29
6357	14
6354	0
6355	15
6352	0
6353	5
6350	23
6351	41
6358	12
6359	3
9340	0
9341	45
9342	1
9343	0
9344	0
9345	10
9346	29
9347	7
9348	21
9349	0
1814	0
1815	16
1816	40
1817	23
1810	37
1811	121
1812	31
1813	49
1818	65
1819	0
2165	12
4953	51
2167	38
1609	23
1608	0
4951	0
3229	79
3228	19
1979	3
1978	44
3225	99
3224	44
1603	54
1602	3
3221	0
1604	134
1607	47
1606	13
4954	42
4955	47
2848	32
2849	33
2846	3
2847	59
2844	34
2845	53
2842	62
2843	18
2840	1
2841	0
5476	10
5477	41
3322	30
3323	0
5472	65
3325	57
5470	42
5471	0
3328	29
3329	61
5478	54
5479	43
5519	4
5518	21
5511	26
5510	24
5513	22
5512	19
5515	0
5514	17
5517	34
5516	33
1977	28
537	13
1559	25
535	37
534	2
533	22
532	0
531	46
3035	62
539	0
538	31
1976	3
5139	7
5138	1
5137	49
1907	29
1904	38
6518	19
6519	14
1905	13
6510	40
6511	3
6512	0
6513	11
6514	22
6515	0
6516	0
6517	7
3292	28
1901	9
3812	48
3813	29
3810	34
3811	74
3816	34
3817	0
3814	43
3815	32
3818	24
3819	0
8457	12
8456	4
8455	0
8454	20
8453	45
8452	3
8451	81
8450	19
1973	37
8459	0
8458	7
7548	0
7549	6
7540	43
7541	1
7542	8
7543	12
7544	36
7545	0
7546	20
7547	11
6169	13
6168	10
6161	15
6160	5
6163	50
6162	0
6165	43
6164	41
6167	52
6166	22
1970	77
2213	32
2212	100
2211	27
2210	50
2217	0
2216	5
2215	0
2214	42
2219	43
2218	23
4904	70
6137	11
4518	4
4519	22
4512	1
4513	0
4510	1
4511	4
4516	15
4517	95
4514	47
4515	31
9429	0
9428	2
9421	9
9420	73
9423	0
9422	1
9425	41
9424	12
9427	0
9426	8
5289	30
5288	10
5281	38
5280	41
5283	27
5282	2
5285	109
5284	41
5287	13
5286	3
7615	49
2320	25
7001	1
9024	17
9027	23
7302	0
7303	20
7300	65
7301	0
7306	3
9288	75
7304	37
7305	3
9285	22
9284	23
9287	5
7309	2
9281	17
9280	0
9283	49
9282	32
9023	0
7006	34
7045	1
7044	22
7047	78
7046	14
7041	17
7040	78
7043	2
7042	41
7049	28
7048	66
8608	16
8609	11
6989	8
6988	0
6987	4
8603	4
8600	32
6984	25
8606	0
6982	45
8604	16
6980	12
9109	0
7590	10
2989	40
2988	19
2983	6
2982	11
2981	48
2980	74
2987	62
2986	42
2985	16
2984	20
9106	11
1018	84
1019	65
1014	22
1015	23
1016	11
1017	0
1010	48
1011	80
1012	14
1013	11
4358	57
4359	58
4354	36
4355	0
4356	11
4357	23
4350	36
4351	90
4352	6
4353	20
438	17
439	37
436	38
437	31
434	53
435	0
432	11
433	37
430	8
431	14
3312	25
5708	3
5709	20
5704	36
5705	33
5706	1
5707	9
5700	45
5701	26
5702	43
5703	2
3314	95
1434	0
1435	26
9101	2
716	57
1050	35
5356	36
1052	51
7829	55
7828	11
7823	2
5353	28
7821	68
7820	9
7827	0
7826	13
7825	0
7824	1
5351	44
1057	32
1431	0
9368	20
9369	1
9366	31
9367	6
9364	0
9365	32
9362	18
9363	8
9360	11
9361	0
8985	26
8984	6
8987	1
8986	2
8981	0
8980	43
8983	13
8982	0
8989	0
8988	40
1832	64
1833	24
1830	8
1831	44
3799	31
3798	16
1834	102
1835	57
3795	34
3794	8
1838	10
1839	54
3791	0
3790	57
3793	35
3792	5
4981	21
2155	0
2156	55
2157	12
4985	0
2403	14
2152	30
2153	1
4989	14
4988	18
2158	2
2159	41
2408	41
2409	1
1955	65
1954	31
1957	23
1956	41
1951	42
1950	18
1953	40
1952	15
1959	18
1958	0
3249	32
3248	27
3243	6
3242	24
3241	12
3240	0
3247	7
3246	17
3245	15
3244	26
1483	57
1482	41
1481	47
1480	0
1487	0
5499	35
3308	7
1484	4
3306	0
3307	122
5496	13
1488	2
5490	38
5491	0
3300	19
5493	6
1992	14
1270	14
1271	50
610	29
1273	10
1274	42
1275	35
2060	134
614	19
2061	51
1277	16
2790	32
2063	21
2064	16
2797	9
519	3
518	53
2794	0
511	0
510	10
513	33
512	0
515	22
514	15
517	2
516	23
1227	0
622	6
1225	16
1224	7
1223	20
1222	53
1221	9
1220	39
629	63
628	6
1229	26
1228	42
8291	11
6537	0
6534	35
8292	0
6532	7
6533	21
6530	35
6531	25
8299	0
8298	2
8240	20
6538	0
6539	0
8793	0
8794	26
8795	0
8244	29
8797	3
3878	2
3879	60
3870	55
3871	0
3872	0
3873	47
3874	31
3875	58
3876	16
3877	6
8479	1
8478	4
8475	0
8474	0
8477	23
8476	2
8471	18
8470	1
8473	1
8472	33
7566	53
7567	9
7564	0
7565	22
7562	0
7563	5
7560	3
7561	4
7568	29
7569	0
4167	0
4166	16
4165	23
4164	14
4163	10
4162	49
4161	26
4160	2
4169	15
4168	26
2239	24
2238	14
2231	0
2230	86
2233	8
2232	12
2235	55
2234	45
2237	31
2236	7
5937	2
5936	8
5935	73
5934	25
5933	25
5932	8
5931	3
5930	10
5939	32
5938	70
1631	39
2185	49
3498	20
3499	40
3496	0
3497	4
3494	12
3495	41
3492	14
3493	15
3490	1
3491	47
4570	0
2094	160
2097	26
2096	58
4574	57
2090	18
4576	10
2092	0
4578	37
4579	27
2099	50
2098	5
4605	32
8125	23
8124	20
7368	25
7369	59
7360	5
7361	4
7362	80
7363	19
7364	4
7365	5
7366	9
7367	0
3	30
9121	0
9007	167
9006	0
9005	7
7020	6
7027	17
9002	29
9001	11
9000	0
7029	0
7028	0
9009	10
9008	0
3330	46
7799	5
7798	0
7791	17
7790	0
7793	9
7792	0
7795	22
7794	0
7797	3
7796	25
1655	5
1038	90
1039	12
1032	18
1033	33
1030	0
1031	16
1036	17
1037	8
1034	49
1035	38
4378	14
4379	35
4372	0
4373	25
4370	7
4371	16
4376	3
4377	36
4374	7
4375	0
8660	20
8661	30
8662	22
8663	10
8664	19
8665	13
8666	22
8667	10
8668	29
8669	63
4080	27
4081	3
4082	30
4083	41
4084	0
4085	32
4086	10
4087	0
4088	0
4089	1
5728	36
5729	15
5722	17
5723	52
5720	3
5721	6
5726	16
5727	48
5724	11
5725	25
8084	35
8085	0
8086	22
8087	0
8080	72
8081	0
8082	12
8083	38
8088	1
8089	11
6648	19
6649	29
6644	50
6645	20
6646	15
6647	14
6640	5
6641	0
6642	15
6643	37
7801	15
7800	2
7803	14
7802	81
7805	11
7804	11
7807	0
7806	29
7809	14
7808	0
6398	24
6399	38
6392	1
6393	8
6390	14
6391	16
6396	0
6397	27
6394	4
6395	22
2396	27
2397	34
2394	5
2395	25
2392	56
2393	25
2390	54
2391	44
2398	48
2399	33
1858	0
1859	17
3840	8
1850	18
1851	13
1852	1
1853	3
1854	3
1855	12
1856	34
1857	23
2172	39
2173	3
2170	0
2171	0
2176	74
2177	72
4969	70
2175	36
4967	121
4966	39
2178	57
4964	1
4963	120
4962	109
4961	1
4960	2
1421	8
5694	0
7983	93
5433	12
3846	35
5430	0
1933	6
1932	23
3263	31
3262	41
1937	32
3264	4
3267	54
3266	52
5124	0
5125	5
5126	16
1938	45
5120	28
5121	0
5122	34
5123	9
9191	4
1427	10
7945	30
5435	4
9193	17
3364	0
9192	19
3365	34
7940	4
5438	55
9194	0
3367	29
7942	9
7231	0
6886	14
6887	0
6884	58
6885	0
6882	20
6883	9
6880	72
6881	8
6888	26
6889	0
605	33
604	13
607	7
606	0
601	13
600	14
603	47
602	41
1205	4
1204	59
1207	42
1206	44
1201	18
1200	5
1203	66
1202	37
8106	0
8279	5
8278	2
8277	39
8276	43
8275	14
8274	23
8273	14
8272	5
8271	57
8270	17
997	15
1353	18
464	40
467	39
996	7
466	12
461	28
460	24
8419	2
8418	10
463	49
8413	17
8412	0
8411	20
8410	32
8417	10
8416	27
8415	21
8414	8
991	67
7588	0
7589	16
7584	15
7585	9
7586	0
7587	7
7580	0
7581	14
7582	48
7583	0
990	11
6950	7
6951	58
6952	1
6953	0
4149	37
4148	18
4145	3
4144	16
4147	5
4146	36
4141	12
4140	55
4143	13
4142	16
3856	1
3857	19
3854	0
3855	23
3852	8
3853	49
3850	18
3851	27
992	39
6485	42
3858	36
3859	34
2661	70
5919	43
5918	0
5915	19
5914	31
5917	34
5916	86
5911	0
5910	0
5913	211
5912	154
1972	46
4558	55
4559	11
4556	9
4557	29
4554	18
4555	3
4552	22
4553	27
4550	52
4551	35
5003	35
8582	0
6077	0
6076	27
6075	6
6074	28
6073	38
6072	4
6071	1
6070	30
6079	18
6078	0
2617	23
2616	48
2615	107
2614	0
2613	19
2612	5
2611	67
2610	7
2619	38
2618	1
7346	44
7347	13
7344	0
7345	4
7342	8
7343	3
7340	0
7341	8
7348	20
7349	0
1971	27
1186	81
5424	25
7009	83
7008	3
9029	28
9028	22
9025	32
7000	28
7003	44
9026	49
7005	37
9020	31
7007	5
9022	1
740	29
741	41
742	55
743	25
744	0
745	73
746	49
747	9
748	11
749	0
5426	33
2949	33
2948	31
2947	0
2946	21
2945	72
2944	0
2943	6
2942	37
2941	5
2940	57
5357	25
1051	32
5355	25
1053	26
1054	0
1055	20
1056	23
5350	13
1058	30
1059	77
5359	0
5358	31
4310	58
4311	7
4312	45
4313	42
4314	43
4315	0
4316	54
4317	0
4318	17
4319	25
5423	17
3119	2
3118	33
3117	0
3116	31
3115	1
3114	5
3113	14
3112	0
3111	21
3110	29
8648	2
8649	0
8646	12
8647	33
8644	0
8645	31
8642	11
8643	3
8640	34
8641	1
1181	48
5740	14
5741	9
5742	1
5743	12
5744	41
5745	35
5746	0
5747	0
5748	33
5749	26
7308	17
5267	1
5266	13
5265	57
5264	12
5263	7
5262	15
1706	52
5260	31
2136	51
6668	3
6669	17
6662	7
6663	7
6660	9
6661	1
6666	31
6667	37
6664	1
6665	32
7	56
2378	17
2379	15
2374	31
2375	23
2376	21
2377	55
2370	24
2371	19
2372	56
2373	13
1876	14
1877	39
1874	6
1875	44
1872	43
1873	20
1870	37
1871	16
1878	0
1879	274
4945	0
4944	1
4947	10
4946	35
4941	3
4940	42
4943	14
4942	0
4949	10
4948	8
2118	0
2119	24
2110	0
2111	32
2112	34
2113	20
2114	47
2115	49
2116	33
2117	13
6045	32
1919	11
1918	29
5108	11
5109	13
3289	0
3288	8
5102	0
5103	41
3285	0
5101	6
5106	0
5107	10
3281	39
5105	74
883	32
882	0
881	46
880	4
887	14
886	12
885	55
884	4
889	33
888	29
2621	10
357	37
356	0
7506	57
354	0
353	0
352	34
7502	1
350	99
6868	21
6869	2
6864	38
6865	22
6866	34
6867	2
6860	31
6861	21
6862	34
6863	4
9270	38
9238	0
9239	13
8255	51
8254	11
1269	9
8256	8
8251	28
8250	28
669	84
668	0
1263	23
666	31
665	65
1260	0
663	15
662	26
1265	52
660	21
3287	0
8789	44
8788	1
1910	9
8783	7
8782	12
8781	8
8780	0
8787	1
8786	13
8785	0
8784	0
3284	0
7618	18
7619	0
7614	24
1915	30
7616	4
7617	55
7610	27
7611	23
7612	29
3282	5
5104	0
3280	24
8431	17
8430	70
8433	4
8432	5
8435	33
8434	13
8437	5
8436	5
8439	45
8438	2
9131	18
8516	21
8517	35
8514	2
8515	0
8512	14
8045	26
4129	12
4128	8
8510	3
4123	0
4122	46
4121	31
4120	0
4127	27
4126	23
4125	3
4124	53
5689	123
5688	12
5685	36
5684	0
5687	54
5686	0
5681	0
5680	23
5683	0
5682	8
5979	31
5978	29
5973	8
5972	14
5971	5
5970	17
5977	13
5976	30
5975	21
5974	18
1049	36
5407	11
2587	40
2586	14
2585	14
2584	2
2583	1
2582	0
2581	0
2580	12
2589	37
2588	0
6059	41
6058	11
6055	38
6054	26
6057	63
6056	0
6051	35
6050	14
6053	73
6052	21
2639	64
2638	12
2635	69
2634	0
2637	13
2636	18
2631	25
2630	30
2633	42
2632	20
9229	5
9228	11
9227	51
9226	4
9225	52
9224	33
9223	10
9222	0
9221	52
9220	15
5402	3
5401	3
9049	45
9048	10
9043	0
9042	0
9041	47
9040	1
9047	0
9046	8
9045	5
9044	0
3544	33
3545	7
3546	17
3547	8
3540	63
3541	16
3542	28
3543	24
3548	2
3549	55
2965	61
2964	31
768	26
2966	13
2961	31
2960	0
2963	41
2962	25
762	1
763	0
760	29
761	86
2969	42
2968	20
764	48
765	39
5379	14
5378	19
1078	51
1079	17
1076	50
1077	7
5377	39
1075	29
5371	3
5370	8
5373	57
1071	16
5583	41
4338	2
4339	31
4336	0
4337	20
4334	2
4335	0
4332	0
4333	0
4330	30
4331	25
3135	17
3134	0
3137	33
3136	24
3131	10
3130	42
3133	73
3132	0
3139	0
3138	54
5183	17
1532	12
1621	53
5768	0
5769	10
5766	0
5767	0
5764	8
5765	0
5762	0
5763	21
5760	26
5761	18
1531	18
5181	3
8192	55
8193	14
5186	11
6435	0
8191	34
2256	3
8196	2
6432	25
8194	37
1626	0
8195	0
75	59
7427	57
7426	7
7425	17
7424	24
7423	34
7422	0
7421	93
7420	2
2250	27
7429	34
7428	2
5184	19
6600	0
6601	52
6602	0
6603	4
6604	34
6605	35
6606	6
6607	39
6608	0
6609	0
1624	4
2974	24
78	40
1043	50
1042	43
5360	123
5361	20
5366	7
5367	16
4571	33
5364	7
5365	0
2358	13
2359	101
2352	17
2353	0
2350	67
2351	25
2356	3
2357	52
2354	0
2355	49
5369	39
1898	62
1899	58
3739	63
3738	29
1894	6
1895	16
1896	47
1897	5
3733	40
1891	0
1892	3
1893	70
4923	8
4690	21
4693	16
4692	5
4695	0
4694	28
2130	25
4696	13
4699	7
4698	20
4929	34
4928	5
2138	17
2139	24
5160	10
5161	0
5162	9
5163	65
5164	4
5165	7
5166	0
5167	33
5168	0
5169	0
4802	20
4803	70
4804	0
4805	4
2783	67
2782	5
8257	20
1268	33
8253	8
8252	0
2079	0
667	54
2078	22
1262	28
1261	73
1799	50
664	0
1793	29
1267	3
1791	8
1790	7
1797	0
1796	32
1795	10
1266	15
6848	17
6849	65
661	8
6842	0
6843	58
6840	38
6841	0
6846	26
6847	38
6844	21
6845	50
2077	18
2076	37
8233	25
6591	41
8231	2
6593	49
8237	10
8236	25
6596	38
6597	29
6598	1
6599	9
8239	3
8238	7
7638	6
7639	0
7632	43
7633	0
7630	16
7631	35
7636	23
7637	9
7634	39
7635	11
5344	21
9169	0
1024	36
1241	15
3093	25
3090	5
3091	0
3096	38
1244	44
1247	4
3095	63
649	135
648	5
3098	28
3099	20
5346	32
1539	23
1538	6
4101	6
4100	23
4103	0
4102	0
4105	0
4104	6
4107	30
4106	79
4109	0
4108	9
7613	14
3898	13
3899	42
3892	88
3893	41
3890	27
3891	6
3896	2
3897	30
3894	30
3895	79
5951	5
5950	0
5953	3
5952	26
5955	55
5954	29
5957	0
5956	0
5959	18
5958	21
3375	1
653	0
3265	34
1991	47
6981	0
3038	12
6039	2
6038	0
6033	5
6032	39
6031	22
6030	19
6037	7
6036	27
6035	13
6034	43
9205	56
9204	44
2659	7
2658	16
9201	29
9200	22
9203	7
9202	61
2653	23
2652	20
2651	2
2650	27
9209	44
2656	43
2655	18
2654	7
7388	40
7389	3
7382	6
7383	25
7380	4
7381	25
7386	14
7387	7
7384	24
7385	44
9061	0
9060	77
9063	0
9062	21
9065	25
9064	0
9067	0
9066	0
9069	0
9068	2
3562	9
3563	5
3560	13
3561	34
3566	3
3567	38
3564	77
3565	6
3568	3
3569	28
4484	77
4485	0
4486	60
4487	19
4480	46
4481	2
4482	16
4483	52
2489	54
4488	9
4489	43
2903	51
2902	18
2901	25
2900	112
708	41
2906	0
2905	26
147	17
704	50
705	2
706	58
2908	4
700	7
701	49
702	62
703	13
5319	33
5318	22
5313	34
5312	18
5311	17
5310	3
5317	35
5316	27
5315	75
5314	10
2487	5
1630	1
3215	44
1632	10
3153	37
3152	45
3151	2
3150	15
3157	36
3156	24
3155	22
3154	9
1982	11
3159	5
3158	0
3211	160
1980	51
1981	27
2485	16
2482	19
8574	12
8575	0
8576	33
8577	4
8570	75
8571	23
8572	0
8573	9
8578	4
8579	44
2015	67
1264	45
2481	32
7409	26
7408	0
7405	1
7404	7
7407	0
7406	17
7401	1
7400	0
7403	0
7402	9
2815	50
569	44
6628	0
6629	45
6626	30
6627	1
6624	13
6625	96
6622	21
6623	4
6620	19
6621	14
2819	48
2818	0
2330	102
4715	14
4716	1
4717	26
2334	83
4711	0
2336	22
2337	17
2338	25
2339	51
1341	31
4719	6
3715	7
3714	29
3717	30
3716	50
3711	0
3710	5
3713	38
3712	0
1342	6
3719	108
3718	201
8189	2
4909	21
4908	0
2488	19
4678	6
4677	31
4676	39
4675	0
4674	31
4673	27
2483	0
4671	0
4670	56
8188	15
5148	2
5149	24
5146	15
5147	36
5144	1
5145	3
5142	0
5143	8
5140	40
5141	29
120	24
121	11
122	46
123	0
124	69
125	24
126	30
127	83
128	42
129	21
7957	5
1188	0
7956	27
1189	89
7223	33
3377	12
7954	0
3376	1
7225	9
1184	62
7952	1
1185	3
7227	5
3373	5
7226	20
5420	160
9164	4
1180	20
9165	0
3370	35
7247	42
7246	11
7245	41
7244	7
7243	17
7242	0
7241	11
7240	16
7249	0
7248	29
9162	31
7958	1
6820	45
6821	0
6822	8
6823	26
6824	11
6825	0
6826	0
6827	0
6828	0
6829	7
1902	52
8817	0
8816	23
8815	0
8814	0
8813	82
8812	24
8811	39
8810	22
8819	28
8818	38
8219	246
6495	37
8749	3
8748	13
8747	0
8210	0
8745	13
8212	54
8743	1
8742	27
8741	7
8740	11
7650	14
7651	0
7652	7
8173	0
7654	24
7655	3
7656	17
7657	4
7658	33
6491	31
6490	12
1997	22
8176	42
8177	11
3390	33
5440	0
2225	8
2542	6
1519	40
1518	81
1515	23
1514	26
1517	16
1516	5
1511	158
1510	47
1513	0
1512	48
3395	44
2220	30
3397	0
3396	6
1900	60
6968	11
263	0
262	5
261	25
260	7
267	38
266	65
265	22
264	0
269	0
268	18
6011	10
6010	28
6013	23
6012	7
6015	46
6014	0
6017	23
6016	26
6019	0
6018	44
9263	167
9262	0
988	39
9260	4
9267	0
9266	1
9265	10
9264	0
982	80
983	35
9269	4
981	3
986	19
987	32
984	4
985	26
9089	29
9088	12
9087	40
9086	22
9085	0
9084	21
9083	29
9082	10
9081	0
9080	5
3508	0
3509	9
5089	45
5088	26
5083	12
5082	12
3502	32
5080	28
3504	41
3505	31
3506	2
3507	154
2671	5
2670	37
2673	69
2672	5
2675	5
2674	0
2677	15
2676	2
2679	0
2678	0
1209	7
2929	2
2928	49
2921	38
2920	29
2923	27
2922	52
2925	22
2924	34
2927	25
2926	32
5331	11
5330	42
5333	6
5332	31
5335	44
5334	7
5337	3
5336	0
5339	34
5338	97
3179	21
3178	15
2037	23
2366	7
3171	3
3170	6
3173	17
3172	67
3175	0
3174	2
3177	23
3176	7
726	33
727	8
724	1
725	25
722	24
723	46
720	175
721	7
728	11
729	29
1164	15
1165	25
1166	37
1167	58
1160	23
1161	0
1162	13
1163	20
1168	6
1169	20
472	7
473	5
1364	7
1380	11
471	21
476	34
2785	106
1363	39
5252	0
1360	40
9385	16
3190	58
9386	0
1381	5
8552	55
8553	35
8550	23
9387	55
8008	0
8557	25
8554	4
8555	0
8004	63
8005	20
8558	17
8007	4
8000	15
8001	8
8002	14
8003	19
5254	17
2032	20
790	29
7469	47
7468	11
3199	32
7463	66
7462	27
7461	19
7460	0
7467	37
1719	31
7465	5
1864	60
1718	49
1869	0
1868	39
2918	27
4930	14
4687	21
4684	20
4933	15
4934	29
4683	0
4732	54
4733	0
4730	7
4731	49
4736	6
4737	49
4734	121
2319	7
2316	43
2317	20
2314	26
2315	26
2312	4
2313	27
2310	0
2311	36
5854	8
5855	2
5856	52
5857	21
5850	30
5851	95
5852	31
5853	0
5858	2
5859	22
3773	51
3772	12
3771	0
3770	12
3777	18
3776	27
3775	7
3774	40
3779	60
3778	8
4655	36
4654	12
4657	26
4656	8
4651	3
4650	0
4653	73
4652	54
4659	59
4658	36
7889	21
7888	18
7881	0
7880	0
7883	2
7882	32
7885	7
7884	4
7887	0
7886	7
7035	2
108	2
109	0
102	27
103	49
100	39
101	42
106	37
107	0
104	20
105	41
7037	5
7517	14
7269	27
7268	0
345	36
7265	0
7264	80
7267	18
7266	10
7261	40
7260	0
7263	13
7262	4
6204	6
6205	6
6206	11
6207	56
6200	33
6201	12
6202	19
6203	0
340	0
6208	43
6209	29
7512	16
7511	5
6808	11
6809	17
6806	0
6807	20
6804	6
6805	37
6802	17
6803	34
6800	1
6801	0
8839	14
8838	12
8835	62
8834	1
8837	0
8836	12
8831	8
8830	33
8833	0
8832	34
7678	24
7679	3
7676	19
7677	0
7674	0
7675	1
7672	0
7673	66
7670	25
7671	2
1759	69
1758	49
1757	50
1756	35
1755	35
1754	45
1753	30
1752	0
1751	26
1750	9
1285	8
1284	6
1287	36
1286	0
1281	20
1280	36
1283	35
1282	33
1289	1
1288	46
8765	38
8764	34
1579	51
1578	51
689	13
8760	25
8763	26
8762	7
685	26
1572	42
1571	1
686	21
681	31
1576	28
683	0
682	14
8053	0
8500	9
8051	0
8502	14
8057	14
8504	30
8507	19
5629	33
5628	15
5627	71
5626	0
5625	0
5624	2
5623	2
5622	0
5621	33
5620	23
8493	29
8492	9
8491	4
8490	3
8497	0
8496	26
8495	39
8494	14
8499	12
8498	0
1242	7
5995	32
5994	9
5997	30
5996	0
5991	41
5990	29
5993	0
5992	19
5999	51
5998	3
1245	32
1622	6
6781	44
6780	2
6783	22
6782	27
6785	15
6784	54
6787	24
6786	43
6789	5
6788	14
1246	39
7498	1
245	37
244	40
247	0
246	50
241	54
240	54
243	4
242	10
249	43
248	28
2154	44
7490	1
9249	1
9248	0
7491	21
9241	26
9240	6
9243	22
9242	2
9245	0
9244	40
9247	12
9246	0
3698	20
3699	6
3690	66
3691	5
3692	36
3693	143
3694	10
3695	9
3696	15
3697	0
3526	6
3527	0
3524	34
3525	11
3522	43
3523	37
3520	48
3521	37
3528	56
3529	5
2699	11
2698	1
2697	0
2696	37
2695	0
2694	4
2693	35
2692	42
2691	32
2690	0
2151	0
1362	16
4534	159
1142	1
1143	26
1140	52
1141	6
1146	42
1147	15
1144	55
1145	5
1148	21
1149	29
2967	28
769	30
336	33
7199	14
7198	30
7193	0
7192	13
7191	16
7190	43
7197	0
7196	12
7195	0
7194	16
6402	65
400	31
10	0
766	9
6400	8
767	77
8538	19
8539	63
8028	3
8029	11
8022	20
8023	24
8532	0
8021	19
8534	8
8535	20
8536	0
8025	0
7441	31
7440	41
7443	0
7442	21
7445	20
7444	2
7447	33
7446	0
7449	51
7448	24
6405	13
19	40
8184	5
8187	25
8186	6
4282	26
4283	1
4280	14
4281	0
4286	42
4287	27
4284	15
4285	1
4288	4
4289	17
380	11
381	1
382	0
383	3
384	146
385	16
386	0
387	30
388	57
389	21
4758	12
4759	41
1369	27
4750	6
4751	16
4752	15
4753	68
4754	22
4755	0
4756	10
4757	51
5872	45
5873	30
5870	24
5871	0
5876	0
5877	15
5874	64
5875	7
5878	3
5879	26
1074	18
3759	0
3758	7
5376	24
3751	54
3750	11
3753	1
3752	7
3755	51
3754	11
3757	10
3756	9
4633	27
4632	19
4631	51
2193	58
2194	5
4636	38
4635	13
2197	51
2198	9
2199	14
4639	50
4638	47
4813	47
2047	35
4811	25
4810	42
168	50
169	71
164	12
165	11
166	8
167	3
160	62
161	52
162	64
163	1
4815	21
2041	0
6194	16
6195	25
6196	0
6197	40
6190	29
6191	72
6192	18
6193	34
6198	5
6199	9
2734	0
2735	0
2736	7
2737	41
2730	43
2731	41
2732	26
2733	25
2738	82
2739	46
9186	22
9187	1
9184	6
9185	4
9182	2
9183	5
9180	8
9181	0
8224	59
9188	0
9189	0
7209	5
7208	4
7203	0
7202	21
7201	4
7200	41
7207	4
7206	46
7205	39
7204	52
6222	27
6223	2
6220	22
6221	5
6226	20
6227	0
6224	37
6225	19
6228	7
6229	24
5558	15
809	7
8858	6
803	12
802	29
801	23
8850	31
8857	1
806	4
805	1
8854	23
1775	17
1774	8
1777	43
1776	50
1771	0
5271	5
1773	25
5273	15
5278	0
1778	0
9286	28
2979	0
1551	24
1550	81
1553	28
1552	50
1555	40
1554	2
1557	77
1556	19
3034	74
1558	198
3036	1
3037	44
3030	9
3031	23
3032	46
3033	40
8703	0
8702	0
8701	5
8700	39
8707	0
8706	21
8705	13
8704	0
8709	28
8708	56
5605	0
5604	49
5607	46
5606	22
5601	0
5600	4
5603	30
5602	61
5609	0
5608	17
6424	1
6425	26
6426	59
6427	29
6420	30
6421	23
6422	3
6423	1
6428	0
6429	14
6769	39
6768	17
6767	43
6766	9
6765	13
6764	37
6763	30
6762	23
6761	0
6760	30
229	70
228	28
227	99
226	44
225	20
224	55
223	10
222	15
221	19
220	6
1192	11
372	44
5095	54
2509	43
2508	30
2507	0
2506	289
2505	63
2504	20
2503	0
2502	20
2501	21
2500	42
5049	15
5048	26
5047	3
5046	48
5045	0
5044	5
5043	14
5042	0
5041	0
5040	36
2160	19
1256	40
1525	8
1254	31
0	14
1357	58
1520	14
1521	42
5182	26
1522	34
1990	25
1523	21
3205	38
3204	31
1627	39
1994	0
3201	4
1996	0
1629	25
1128	22
1129	8
5189	0
1120	29
1121	59
1122	12
1123	5
1124	34
1125	56
1126	43
1127	41
8040	30
8041	5
8042	7
8043	19
8044	12
8513	4
8046	0
8047	16
8048	0
8049	0
8518	2
8519	10
559	19
2865	21
2868	23
2869	43
1197	32
4776	134
4777	0
4774	35
4775	49
4772	0
4773	48
4770	59
4771	46
4778	14
4779	57
5818	0
5819	11
5810	1
5811	51
5812	12
5813	0
5814	6
5815	56
5816	10
5817	26
2009	112
4619	19
4618	15
4611	20
4610	43
4613	31
4612	37
4615	8
4614	32
4617	8
4616	27
2705	26
2704	2
4882	34
146	39
5458	31
144	33
145	12
142	24
143	95
140	50
141	1
2701	27
148	64
149	1
2703	1
754	40
4887	26
3092	19
1191	28
5451	5
3340	24
2712	30
2713	2
2710	15
2711	0
2716	4
2717	0
2714	17
2715	12
1195	3
2718	102
2719	53
1194	31
7221	10
7220	34
7955	29
7222	22
9168	18
7224	16
7951	0
7950	13
7229	60
7228	41
9166	8
9167	24
9160	2
9161	0
7959	22
9163	1
9174	3
6248	0
6249	32
6240	4
6241	8
6242	0
6243	25
6244	54
6245	11
6246	14
6247	0
8871	20
8870	13
8873	0
8872	3
8875	26
8874	14
8877	27
8876	14
8879	13
8878	0
829	73
828	6
825	19
824	27
827	31
826	11
821	43
820	7
823	23
822	1
6976	0
6977	58
8161	1
6975	0
8167	0
6973	3
1713	0
1712	0
1711	0
1710	73
5256	63
1716	24
1715	14
5255	15
5258	27
5259	20
3018	53
3019	21
3012	64
3013	25
3010	3
3011	12
3016	31
3017	0
3014	13
3015	18
8729	4
8728	18
8721	29
8720	7
8723	2
8722	11
8725	0
8724	2
8727	11
8726	18
4189	66
4188	6
4181	49
4180	58
4183	34
4182	10
4185	8
4184	0
4187	34
4186	7
5663	13
5662	0
5661	6
5660	8
5667	1
5666	54
5665	35
5664	0
5669	35
5668	0
3197	36
3196	8
11	44
6403	18
13	30
6401	18
6406	16
6407	7
6404	25
16	56
8185	0
18	31
6408	43
6409	0
8181	17
8180	0
8183	0
8182	44
7764	0
7765	41
7766	7
7767	5
7760	5
7761	1
7762	15
7763	35
7768	16
7769	14
3904	2
3905	0
3906	9
3907	28
3900	9
3901	23
3902	66
3903	42
3908	33
3909	1
6745	11
6744	0
6747	5
6746	8
6741	7
6740	14
6743	73
6742	41
6749	9
6748	13
9381	22
201	41
200	79
203	12
202	65
205	20
204	23
207	39
206	96
209	44
208	20
3476	48
831	16
836	67
837	1
834	55
835	1
838	30
8887	7
3478	7
3479	0
3658	6
3659	5
3654	22
3655	1
3656	50
3657	57
3650	19
3651	21
3652	0
3653	0
2525	57
2524	32
2527	14
2526	49
2521	19
2520	0
2523	27
2522	66
2529	50
2528	41
5065	33
5064	4
5067	0
5066	23
5061	6
5060	34
5063	14
5062	16
5069	3
5068	16
4408	35
4409	56
4404	16
4405	34
4406	6
4407	33
4400	0
4401	3
4402	6
4403	1
928	24
929	14
920	0
921	21
922	29
923	53
924	0
925	41
926	115
927	21
5393	8
5392	20
5391	25
5390	32
5397	37
5396	48
5395	20
5394	3
5399	27
5398	43
6990	33
7451	23
5795	50
688	25
9397	0
785	31
786	30
9394	0
780	18
781	4
9391	0
9390	8
788	14
789	37
9399	12
9398	0
1371	45
7159	4
7158	29
7157	14
7156	4
7155	47
7154	5
7153	24
7152	2
7151	20
7150	0
4099	2
404	11
1375	46
8602	0
402	18
784	50
6594	4
1377	11
8068	0
9396	24
8066	0
8067	10
8064	3
8065	6
8062	6
9395	0
8060	0
8061	20
7485	18
7484	19
7487	0
787	64
7481	7
7480	10
7483	13
7482	29
9393	0
7489	0
7488	0
9392	33
2899	75
782	30
2895	45
2894	19
2897	0
783	28
2891	1
2890	46
2893	15
2892	8
1454	47
5245	17
1456	39
1457	1
1450	35
1103	43
1100	48
5244	9
1458	15
1724	23
1108	63
1109	23
1725	3
1722	8
1723	21
3737	43
5243	17
3736	0
6907	37
5242	20
3735	40
3734	82
1890	7
1837	82
3732	37
3731	0
680	27
4691	9
2137	207
2134	9
2135	7
4798	50
4799	8
4794	40
4927	1
4796	1
4797	58
4790	17
4791	21
4792	7
2133	20
5836	9
5837	6
5834	0
5835	10
5832	0
4697	34
5830	27
5831	20
2131	0
5838	3
5839	36
8128	8
6903	30
6902	1
4	21
6497	18
6901	25
2778	22
2779	0
4899	6
4898	14
4893	31
2771	24
2772	15
2773	19
2774	9
2775	43
4895	44
4894	2
9148	25
3286	0
7979	2
7978	62
4901	19
7975	7
7974	0
7977	21
7976	0
7971	5
7970	4
9144	0
7972	57
6266	27
379	0
6264	39
6265	21
6262	47
6263	8
6260	26
378	47
7964	15
6268	0
6269	51
7528	11
3467	18
846	46
3465	10
3464	23
3463	11
842	68
8899	36
3460	5
8897	5
8896	13
8895	17
8894	0
8893	23
8892	6
8891	44
8890	8
1739	3
5239	20
5230	31
5231	12
5232	54
5233	0
5234	18
5235	0
5236	10
5237	43
2404	11
4907	1
1595	0
3071	0
3072	0
1596	4
3074	11
1590	56
3076	5
1592	3
3078	40
3079	3
1599	22
1598	43
2402	45
5649	157
5648	47
5641	71
5640	44
5643	5
5642	0
5645	28
5644	1
5647	19
5646	0
8069	4
2401	34
450	0
8063	59
489	43
488	0
487	0
486	55
485	92
484	25
483	48
482	37
481	52
480	72
6468	18
6469	10
6460	9
6461	13
6462	58
6463	9
6464	0
6465	22
6466	2
6467	28
7742	5
7743	8
7740	21
7486	11
7746	1
7747	23
7744	20
7745	23
7748	0
12	16
3922	33
3923	6
3920	36
3921	30
3926	14
3927	2
3924	1
3925	28
3928	18
3929	6
8307	35
8306	0
6721	0
8304	21
6727	42
6726	18
8301	18
8300	0
15	47
6729	71
6728	3
8309	0
8308	8
453	0
14	12
6099	26
6098	1
17	31
6091	23
6090	34
6093	34
6092	32
6095	0
6094	6
6097	1
2898	24
655	50
3295	8
2896	0
1452	52
3678	46
3679	11
3672	37
3673	12
3670	9
3671	3
3676	49
3677	8
3674	26
3675	28
2543	7
1106	11
2541	40
2540	14
2547	2
2546	46
2545	7
1455	13
2549	11
2548	19
1104	0
1105	27
3297	8
1102	0
1451	18
3580	31
3581	44
5001	16
5000	7
3584	20
5006	5
5005	45
5004	17
3588	4
3589	2
5009	5
1101	43
902	53
903	1
900	123
901	11
906	18
907	0
904	16
905	18
4422	0
4423	45
4420	56
909	41
4426	0
4427	43
4424	120
1459	48
8746	0
1453	0
3293	59
8934	7
8935	21
8936	11
8937	0
8930	0
8931	0
8932	31
8933	52
8938	47
8939	0
7175	34
7174	124
7177	36
1798	0
7171	20
7170	0
7173	2
7172	8
7179	0
7178	13
2916	1
2917	13
1696	55
1697	18
1694	1
1695	31
1692	16
1693	0
1690	0
1792	6
715	14
1698	36
1699	14
1794	42
1472	0
1473	76
1470	4
1471	30
1476	7
1477	30
1474	74
1475	44
1478	4
1479	15
4228	59
4229	3
8624	89
4224	9
4225	17
4226	20
4227	24
4220	6
4221	18
4222	11
4223	6
5586	14
5587	2
26	58
27	19
20	1
21	47
5580	51
5581	19
28	19
29	7
5588	33
5589	41
5308	66
1068	0
3730	55
5300	51
5301	0
5302	27
5303	2
5304	3
1064	42
5306	34
1066	11
4922	48
4921	3
2288	39
2289	15
2280	53
2281	17
2282	56
2283	46
2284	39
2285	27
2286	21
2287	38
2055	35
4920	16
2054	32
8314	29
4828	41
6731	35
2056	0
6732	34
4826	25
8317	8
2058	126
8310	25
4536	1
8311	562
9120	11
6590	0
9122	33
4537	33
9124	0
6736	47
9126	24
9127	0
9128	0
9129	12
8313	2
6592	0
4531	38
7919	12
7918	9
4532	0
4795	21
7913	18
4926	54
7911	54
4533	9
7917	21
7916	10
7915	69
6595	14
9403	82
6288	1
8235	4
7981	8
6284	20
6285	29
6286	0
6287	61
6280	56
6281	0
6282	3
6283	4
182	59
183	8
180	36
181	47
186	41
187	34
184	7
4925	24
9407	90
188	65
4793	18
7985	0
9405	32
9404	1
4592	13
4924	42
5833	10
869	3
868	30
652	4
3449	32
3448	48
3445	15
860	90
863	61
3446	28
865	0
864	17
3443	34
866	25
2756	15
4593	23
2754	36
2755	36
2020	46
2021	34
2750	5
2023	81
2028	18
2029	0
2758	37
2759	19
4590	13
5216	17
5217	7
5214	24
5215	24
5212	41
5213	8
5210	0
5211	23
5218	15
5219	21
4591	10
4596	59
3058	0
3059	3
3056	41
4801	28
3054	28
3055	12
3052	35
3053	15
3050	36
3051	48
4597	8
4594	21
8	0
1317	15
1316	37
1315	22
1314	2
1313	30
1312	23
1311	62
1310	16
1319	11
1318	26
6914	12
6447	27
6916	0
6917	1
6910	18
6911	21
6440	0
6441	0
6918	25
6919	0
6448	24
6449	0
3304	15
7728	170
7729	39
7720	0
7721	0
7722	14
7723	9
7724	17
7725	22
7726	34
7727	18
3948	0
3949	19
3940	101
3941	1
3942	32
3943	37
3944	29
3945	18
3946	5
3947	6
6709	30
6708	38
8329	7
8328	81
6454	16
8325	21
8324	31
6703	8
6702	17
8321	11
8320	5
6707	35
6706	52
3841	0
7535	12
7534	7
4057	22
4056	30
4055	6
4054	40
4053	28
4052	34
4051	47
4050	30
4059	6
4058	3
3843	14
3610	4
3611	3
3612	0
3613	14
3614	0
3615	40
3616	36
3617	212
3618	47
3619	37
3842	30
7536	35
2569	0
2568	31
2140	64
2561	70
2560	1
2563	2
2562	44
2565	16
2564	40
2567	44
2566	18
3845	40
5029	0
5028	27
5021	0
5020	26
5023	34
5022	16
5025	37
5024	0
5027	29
5026	42
4440	86
4441	22
4442	26
4443	6
4444	11
4445	3
4446	20
4447	36
4448	55
4449	40
964	16
965	44
966	73
967	13
960	2
961	29
962	16
963	56
968	13
969	32
1537	36
4965	27
1240	55
1243	0
1534	12
1533	44
3097	18
3094	8
1530	67
1249	4
1248	56
5199	23
3237	41
3234	24
3235	5
641	14
8912	26
8913	8
8910	0
8911	12
8916	55
8917	8
8914	37
8915	0
8918	2
8919	0
3238	3
1107	29
5196	2
1960	0
640	31
5190	20
7113	4
7112	0
7111	73
7110	11
7117	7
7116	38
7115	2
7114	21
7119	48
7118	23
707	14
643	29
4499	3
1678	35
1679	27
1674	6
1675	6
1676	0
1677	2
1670	30
1671	42
1672	6
1673	29
642	8
4498	3
7291	29
645	60
1418	8
1419	14
1410	27
1411	4
1412	0
1413	0
1414	22
1415	20
1416	20
1417	8
644	156
3963	95
4208	24
4209	44
4202	24
4203	0
4200	9
4201	53
4206	0
4207	9
4204	4
4205	85
647	55
5568	2
5569	23
5564	3
5565	14
5566	27
5567	40
5560	0
5561	16
5562	0
5563	10
646	39
308	58
309	45
300	21
301	47
302	30
303	24
304	32
305	65
306	48
307	12
1485	84
7968	16
7297	41
5180	19
2770	0
4892	23
4891	8
4890	143
4897	11
4896	60
2776	36
2777	47
470	38
6118	2
6119	29
6114	5
6115	4
6116	23
6117	18
6110	1
6111	25
6112	3
6113	122
5039	12
9149	3
7066	10
7283	0
7282	8
7281	34
7280	40
7935	36
7934	36
9108	0
7284	16
9454	1
9107	6
9104	30
9457	65
9450	2
9451	5
9100	5
9453	4
9142	0
9143	7
9140	41
9141	0
9146	15
9147	0
7973	6
9145	0
6267	6
627	64
474	0
3429	41
3428	25
3423	31
3422	38
3421	17
6261	1
3427	65
3426	11
3425	22
3424	0
2002	1
2003	1
2000	57
2001	17
4589	0
4588	20
2004	63
4858	13
4857	51
4584	30
4587	62
4586	63
4853	29
4852	14
4851	6
4850	32
625	121
6965	19
7393	44
8629	3
8158	4
6966	0
6969	2
8625	41
8626	43
8155	13
8620	2
8621	28
8622	79
8151	49
1087	5
1086	22
1085	562
1084	0
1083	0
1082	13
1081	7
1080	13
1089	20
8766	30
8859	37
8761	8
449	0
448	28
1339	0
1338	24
443	58
1334	11
441	4
440	6
447	0
1330	1
1333	7
1332	211
6932	14
6933	0
6930	7
6931	18
6936	45
8698	27
6934	2
6935	8
8695	19
8126	6
8697	9
8696	0
8691	6
8690	108
8693	27
8120	18
7706	13
7707	0
39	31
7705	72
7702	8
7703	0
7700	67
7701	11
33	77
32	37
31	12
30	23
5187	3
36	26
35	35
7709	34
1903	25
7514	15
8349	0
8348	32
8343	12
8342	59
8341	12
8340	3
8347	5
8346	11
8345	18
8344	0
847	36
3466	2
845	13
844	5
843	45
3462	2
4079	20
3461	0
4075	47
4074	13
4077	15
4076	32
4071	31
4070	139
4073	32
4072	7
3966	10
841	3
3964	10
3965	0
3962	41
5792	14
3960	40
5790	19
7510	17
5799	1
3969	43
3638	26
3639	86
3636	20
3637	5
3634	16
3635	12
3632	20
3633	0
3630	19
3631	0
3469	0
3468	33
8769	30
4468	7
4469	9
4466	19
4467	21
4464	8
8856	7
4462	0
4463	6
4460	15
4461	40
948	0
949	57
946	80
947	21
944	1
945	23
942	65
943	26
940	24
941	9
6452	1
2410	1
5185	6
6327	0
6326	0
6325	27
6324	121
6323	37
6322	21
6321	23
6320	25
6329	0
6328	0
6457	22
6971	9
849	9
6456	0
8978	15
8979	66
8970	4
8971	51
8972	31
8973	9
8974	0
8975	7
8976	36
848	0
7139	18
7138	17
7131	10
7130	17
7133	3
7132	32
7135	0
7134	0
7137	16
7136	22
1658	59
1659	20
1652	22
1653	6
1650	9
1651	9
1656	0
1657	51
1654	8
1389	0
586	34
5238	64
584	41
585	62
582	48
583	14
580	8
581	71
588	34
589	40
2839	0
2838	18
2837	41
2836	63
2835	36
2834	0
2833	7
2832	11
2831	44
2830	11
3391	26
5406	0
5405	30
5404	65
1432	31
1433	40
1430	39
5400	16
3399	36
3398	17
1438	26
5408	46
1731	0
1730	13
1733	17
4260	36
4261	45
4262	37
4263	0
4264	30
4265	17
4266	72
4267	5
4268	22
4269	3
1734	7
3702	25
1737	38
1886	29
1736	15
3700	35
5548	22
5549	31
5542	1
5543	0
5540	50
5541	8
5546	55
5547	25
5544	4
5545	40
1881	19
8598	4
8599	16
8596	61
8597	1
8594	31
8595	0
8592	5
8593	3
8590	0
8591	0
5890	0
5891	0
5892	0
5893	34
5894	5
5895	0
5896	21
5897	41
5898	8
5899	104
2124	4
2127	14
2126	34
2129	0
8447	5
2128	0
4914	8
4667	23
4863	14
4912	24
4661	12
4910	51
4911	31
7941	15
322	75
323	20
320	4
321	23
326	1
327	7
324	0
325	10
328	1
329	34
4861	83
3070	36
6138	36
6139	30
1594	35
6132	3
6133	7
6130	1
6131	38
6136	0
1597	54
6134	0
6135	27
3073	57
1591	10
3075	0
1593	1
3077	55
9207	7
9206	0
3252	7
2248	17
2249	30
2244	2
2245	43
2246	32
2247	43
2240	0
2241	50
2242	1
2243	18
2657	36
9208	55
3401	1
3400	15
3403	1
3402	74
3405	2
3404	25
3407	3
3406	55
3409	34
3408	28
364	44
4875	1
4874	50
4877	181
4876	3
4871	3
4870	36
4873	0
4872	81
7531	23
4879	2
4878	3
363	26
2068	6
2069	55
2798	23
2799	14
7533	17
2792	10
2793	62
2062	1
2791	0
2796	39
2065	25
2066	11
2795	16
4855	30
8211	12
9401	21
6178	0
7096	7
7097	4
7094	43
7095	1
7092	37
7093	36
7090	10
7091	8
7098	28
7099	33
4883	0
8105	3
8104	0
8107	0
1358	48
469	6
468	20
8103	0
8102	27
465	0
1352	47
1351	1
1350	25
8109	0
8108	36
1355	48
462	43
6958	4
6959	25
6488	4
6489	7
8215	18
6482	24
6483	50
6480	1
6481	11
6486	3
6487	0
6484	8
6957	0
4885	53
8214	38
8361	7
8360	3
8363	6
8362	2
8365	104
8364	38
8367	0
8366	20
8369	12
8368	7
8217	2
3184	30
3185	37
3186	21
3187	46
3180	0
3181	7
3182	0
3183	26
3188	198
3189	43
4019	18
4018	7
4013	0
4012	73
4011	5
4010	0
4017	2
4016	42
4015	55
4014	43
5797	69
3988	37
3989	44
3984	26
3985	47
3986	89
3987	48
3980	24
3981	22
3982	24
3983	4
5796	30
1111	91
1446	9
1113	47
289	49
288	39
1444	6
281	34
280	30
283	11
282	0
285	47
284	40
287	50
1442	55
1441	60
5794	20
5578	43
3430	19
5793	31
2477	0
2476	32
2475	1
2474	13
2473	49
2472	30
2471	31
2470	46
2479	46
2478	12
7874	1
7875	11
7876	4
7877	1
7870	11
7871	3
7872	27
7873	68
7878	0
7879	23
3432	0
6913	33
5791	44
1397	13
6309	8
6308	0
6305	0
6304	51
6307	25
6306	20
6301	82
6300	28
6303	5
6302	41
9319	34
9318	28
9317	3
9316	17
9315	0
9314	0
9313	3
9312	8
9311	7
9310	4
8956	44
8957	17
8954	7
8955	0
8952	10
8953	8
8950	13
8951	44
8958	29
8959	17
3436	81
2907	70
709	40
3214	7
1987	3
3216	0
1985	20
1634	14
1983	30
3212	12
3213	63
1638	1
1639	104
2904	177
3218	12
3219	7
1988	31
1989	6
8054	0
3437	4
2909	4
568	31
2814	36
2817	43
2816	29
2811	0
2810	24
2813	24
2812	44
560	36
561	3
562	2
563	43
564	63
565	10
566	66
567	50
5429	2
5428	32
3379	0
3378	8
5425	9
1187	29
5427	29
3374	31
5421	33
3372	18
3371	2
5422	39
4248	38
4249	33
4246	0
4247	32
4244	9
4245	4
4242	10
4243	37
4240	9
4241	16
5520	5
5521	20
5522	0
5523	31
5524	0
5525	32
5526	54
5527	48
5528	0
5529	18
48	30
49	16
46	21
47	14
44	39
45	126
42	49
43	0
40	6
41	0
7741	35
7287	32
4848	1
6547	39
6546	0
6545	17
6544	7
6543	0
6542	34
6541	17
6540	0
6549	109
6548	62
344	57
7516	0
346	33
347	55
7513	18
341	50
342	50
343	66
348	34
349	96
7519	0
7518	2
6150	43
6151	10
6152	3
6153	34
6154	0
2132	29
6156	10
6157	8
6158	15
6159	12
6723	25
6722	40
8305	2
4527	44
6720	29
4526	5
8303	39
4833	12
8302	26
4832	18
6725	67
4835	1
6724	104
4522	30
4521	12
8758	7
4836	0
6586	0
4784	15
8208	49
8209	0
8206	21
2268	22
2269	41
8755	2
2262	24
2263	0
2260	0
2261	20
2266	38
2267	23
2264	6
2265	32
6588	0
7995	0
8202	0
9439	0
8203	52
8752	21
8201	48
9434	4
2046	36
4812	0
2044	17
2045	23
4817	46
4816	30
2040	63
4814	20
8232	31
4819	24
4818	16
2048	0
2049	28
9410	41
9411	0
9412	7
9413	0
9414	0
9415	0
9416	25
9417	27
9418	0
9419	28
8230	0
8265	25
8234	1
1365	4
7078	36
7079	42
7074	22
7075	34
7076	8
7077	16
7070	7
7071	5
7072	1
7073	0
8683	23
8163	15
8162	28
6974	15
8160	0
6972	13
8166	0
6970	37
8164	17
8169	3
8168	7
6978	44
6979	15
8680	5
8389	6
8388	29
8387	13
8386	0
8385	31
8384	23
8383	21
8382	62
8381	10
8380	0
8171	4
4389	7
4388	30
4383	1
4382	18
4381	135
4380	35
4387	2
4386	3
4385	57
4384	15
407	5
406	42
405	84
1372	17
403	32
1374	15
401	0
1376	5
1379	17
1378	8
6096	37
409	28
408	58
4031	78
4030	1
4033	43
4032	175
4035	54
4034	0
4037	18
4036	34
4039	19
4038	65
4530	40
5498	6
2746	11
4919	36
4980	92
2459	27
2458	28
2455	61
2454	41
2457	26
2456	12
2451	44
2450	51
2453	26
2452	18
7852	6
7853	107
7850	9
7851	3
7856	0
7857	32
7854	29
7855	0
7858	33
7859	9
1502	20
1503	0
1500	16
6369	37
6368	47
6363	0
6362	41
6361	10
6360	34
6367	18
6366	11
6365	9
6364	17
9335	25
9334	5
9337	0
9336	12
9331	20
9330	0
9333	5
9332	83
1505	31
9339	14
9338	4
4982	11
7334	0
9296	0
1508	54
7332	4
3086	7
7331	0
9295	10
1601	95
658	47
1600	33
659	45
1975	26
1974	19
1605	0
3220	69
3223	39
3222	23
3232	5
3233	6
3230	15
3231	14
3236	3
1969	18
1618	21
1619	20
5195	0
1617	74
1966	3
3239	30
1612	33
1613	0
1610	55
1611	7
2873	15
2872	18
2871	13
2870	9
2877	39
2876	20
2875	62
2874	0
2879	0
2878	134
3355	47
3354	3
3357	34
3356	47
3351	165
3350	8
3353	32
3352	3
3359	30
3358	49
5449	125
5448	34
5443	6
5442	3
5441	48
2544	28
5447	0
5446	28
5445	11
5444	1
7358	12
5508	2
5509	0
5506	11
5507	2
5504	35
5505	3
5502	9
5503	1
5500	21
5501	0
542	10
543	28
540	9
541	23
546	30
547	46
544	10
545	24
548	36
549	1
6155	1
3880	2
3320	2
6569	21
6568	1
3321	52
6565	27
6564	22
6567	6
6566	7
6561	50
6560	40
6563	12
6562	0
7687	0
7686	14
7685	10
7684	5
7683	6
7682	0
7681	8
7680	0
3324	20
7689	26
7688	16
3827	0
3826	1
3825	35
3824	11
3823	23
3822	9
3821	48
3820	42
3327	33
9157	12
3829	22
3828	47
8444	53
8445	0
8446	0
9156	0
8440	1
8441	39
8442	8
8443	0
5007	0
8448	1
8449	13
3585	4
3586	45
3587	60
7539	24
7538	10
368	33
369	39
366	0
367	24
7537	3
365	17
362	74
7530	31
360	32
7532	29
5008	20
2767	14
9158	8
5133	23
6179	21
6176	31
6177	6
6174	0
6175	3
6172	19
6173	30
6170	6
6171	25
5132	0
3217	1
2200	12
2201	39
2202	29
2203	19
2204	15
2205	10
2206	6
2207	23
2208	5
2209	8
3210	45
4428	33
4429	18
4839	5
4838	2
4529	34
4528	0
4831	13
4830	19
4525	21
4524	37
4523	7
4834	49
4837	32
4520	57
7993	30
7992	6
7991	0
7990	2
7997	0
7996	52
9438	18
7994	46
9436	0
9437	24
7999	6
7998	24
9432	1
9433	3
9430	31
9431	4
4421	11
5298	212
5299	72
5296	3
5297	0
5294	0
5295	16
5292	6
5293	4
5290	72
5291	0
4425	32
8637	0
6995	29
8635	12
6997	0
8145	0
8144	20
8631	5
8146	66
9292	8
9293	42
9290	20
9291	4
7333	0
9297	29
9294	3
7330	0
9298	4
9299	0
7339	0
7338	0
908	27
3039	2
7058	17
7059	9
7052	10
7053	0
7050	2
7051	36
7056	0
7057	41
7054	57
7055	14
8149	26
8148	1
6998	8
6999	26
8639	0
8638	12
8141	57
8636	2
8143	5
8142	20
8633	3
8632	34
8147	19
8630	0
9021	19
2998	13
2999	15
59	20
58	47
2990	5
2991	0
2992	6
2993	44
2994	18
50	106
53	17
2997	0
55	7
54	18
57	4
56	27
51	40
2995	8
2996	17
52	11
7236	8
536	17
429	14
428	57
1399	58
1398	65
421	28
420	46
423	33
1394	64
425	83
1392	40
427	27
1390	19
3452	10
7237	1
855	43
530	23
856	32
3451	3
3456	9
851	20
7234	18
852	11
3455	0
7235	15
1422	77
8259	34
3474	0
8258	0
4714	13
2331	3
2332	38
5474	50
2333	34
4710	48
2335	24
4712	7
4713	0
5475	12
6699	0
6698	3
6693	44
6692	19
6691	3
6690	9
6697	53
6696	35
6695	9
6694	89
2439	22
2438	11
2433	0
4718	10
2431	57
2430	12
2437	69
2436	36
2435	57
2434	0
7838	19
7839	11
7830	33
7831	19
7832	1
7833	0
7834	46
7835	27
7836	32
7837	38
6341	9
6340	41
6343	14
3470	29
6345	34
6344	41
6347	5
6346	106
6349	41
6348	12
5473	26
9353	12
3471	27
9351	28
9350	22
9357	63
9356	39
9355	18
9354	29
9359	10
9358	27
3782	34
1806	13
1805	12
1804	46
3786	20
3787	2
1801	22
3785	81
8992	1
8993	17
8990	22
8991	0
8996	2
8997	56
1809	31
1808	37
4996	78
4997	1
4994	29
4995	3
4992	31
4993	10
4990	11
4991	11
4998	16
4999	51
7926	24
3258	22
3259	11
1948	47
1544	36
3250	175
1943	69
1940	19
3253	0
1946	18
1947	27
1944	10
3257	69
2859	9
2858	198
2851	56
2850	12
2853	23
2852	0
2855	48
2854	13
2857	4
2856	68
3333	23
1491	37
1492	6
1493	22
3337	44
1495	43
3335	1
3334	15
1498	42
5468	91
3339	0
1968	41
1395	5
422	19
1393	1
424	9
1391	70
426	6
5437	14
4078	48
524	177
525	27
526	25
527	33
520	32
521	25
522	29
523	81
1541	57
528	45
529	29
1234	14
1235	27
1236	48
1237	23
1230	3
1231	4
1232	0
1233	64
1238	0
1239	42
8286	38
8287	0
8284	10
1964	6
8282	42
8283	0
8280	75
8281	10
8288	33
8289	26
6509	7
6508	0
4679	1
6503	0
6502	33
6501	2
6500	8
6507	0
6506	57
6505	23
6504	3
2486	1
4900	58
4903	31
4902	32
3809	24
3808	37
3805	7
4905	22
3807	43
3806	0
3801	2
3800	25
3803	13
4672	0
8462	17
8463	0
8460	15
8461	29
8466	39
2480	34
8464	9
8465	0
8468	8
4906	89
4827	1
1967	35
7559	1
7558	2
7553	26
7552	3
7551	4
7550	17
7557	25
7556	6
7555	12
7554	13
4174	24
4175	19
4176	27
4177	2
4170	12
4171	1
4172	0
4173	40
1945	85
1961	27
4178	1
4179	20
7176	20
7395	0
1962	29
9272	42
9273	6
9274	6
9275	13
1963	37
2228	34
2229	8
2226	7
2227	11
2224	24
9277	19
2222	35
2223	24
8112	4
2221	60
5924	10
5925	9
5926	18
5927	36
5920	43
5921	0
5922	0
5923	52
5928	1
5929	6
7399	1
8113	10
7398	16
4505	4
4504	0
4507	10
4506	0
4501	67
4500	61
4503	98
4502	1
4509	0
4508	1
2088	5
2089	44
2082	34
2083	18
2080	37
2081	40
2086	44
2087	8
2084	1
2085	0
1691	0
7319	2
7318	11
7315	17
7314	30
7317	24
7316	3
7311	0
7310	22
7313	24
7312	0
9130	15
7030	16
9015	11
9016	0
9017	6
7034	0
9011	0
9012	0
9013	38
7038	40
7039	9
9018	6
9019	13
9137	90
9136	16
7788	25
7789	29
7786	3
7787	60
7784	0
7785	39
7782	24
7783	8
7780	48
7781	28
9135	32
1009	37
1008	36
1007	11
1006	48
1005	11
1004	0
1003	14
1002	18
1001	10
1000	31
4349	6
4348	14
4347	63
4346	7
4345	0
4344	0
4343	25
4342	57
4341	12
4340	17
8615	0
8614	7
8617	27
8616	0
8611	18
8610	0
8613	0
8612	3
8619	3
8618	22
8014	7
8013	46
5719	25
5718	47
5717	61
5716	1
5715	28
5714	3
5713	1
5712	39
5711	39
5710	7
8012	29
3305	41
9271	13
3575	11
5091	37
3301	36
5092	24
7816	0
7817	0
7814	3
7815	0
7812	15
7813	8
7810	22
7811	0
3571	71
7818	12
7819	37
5096	16
5097	5
9276	31
2666	24
4496	17
4495	38
4494	30
4493	0
4492	82
9379	0
9378	0
2660	0
9371	2
9370	35
9373	21
9372	10
9375	0
9374	30
9377	6
9376	11
1829	38
1828	57
1825	33
1824	14
1827	81
1826	3
1821	43
1820	43
1823	29
1822	26
2411	9
2146	56
2145	45
2144	8
2143	20
4979	26
2141	157
2416	49
4974	0
4975	20
4976	5
4977	0
4970	0
4971	0
4972	10
2148	10
1920	36
3277	6
1922	15
3275	0
3272	5
3273	32
3270	0
1927	20
1928	45
1929	36
3278	37
3279	2
1986	0
24	8
25	13
5584	37
3319	2
3318	36
5585	25
5489	40
5488	19
3311	2
3310	45
5485	45
5484	0
3315	10
5482	0
3317	48
3316	18
22	99
23	10
1984	0
7515	0
60	16
61	48
62	58
63	30
64	14
65	12
66	60
67	32
68	65
69	16
508	52
509	23
506	5
507	4
504	36
505	0
502	49
503	82
500	20
501	33
1212	14
631	11
632	22
633	35
1216	15
635	6
636	27
1215	34
638	6
639	200
1218	48
1219	7
6521	43
6520	3
6523	41
6522	0
8268	11
6524	70
6527	8
6526	10
6529	28
6528	13
8266	0
8267	20
8260	21
8261	3
8262	31
8263	0
3869	8
3868	16
3863	27
3862	25
3861	24
3860	52
3867	135
3866	37
3865	33
3864	0
8408	20
8409	3
8400	7
8401	71
8402	29
8403	43
8404	5
8405	9
8406	289
8407	20
7571	11
7570	0
7573	0
7572	22
7575	35
7574	24
7577	30
7576	0
7579	19
7578	4
6342	8
4152	4
4153	18
4150	11
4151	87
4156	0
4157	34
4154	7
4155	0
4158	19
4159	16
5459	7
8334	0
8218	0
8335	0
8138	29
6714	0
8339	8
5902	1
5903	2
5900	16
5901	34
5906	2
5907	0
5904	6
5905	25
5908	104
5909	9
8213	43
3489	0
3488	10
8744	0
3481	1
3480	27
3483	39
3482	2
3485	30
3484	0
3487	2
3486	89
4563	76
4562	14
4561	6
4560	1
4567	41
4566	24
4565	69
4564	58
4569	18
4568	3
7653	9
9352	16
7659	17
6064	31
6065	2
6066	39
6067	28
6060	0
6061	2
6062	18
6063	0
6068	2
6069	19
2604	42
2605	4
2606	11
2607	52
2600	0
2601	31
2602	9
2603	8
2608	0
2609	18
7379	39
7378	23
7373	36
7372	14
7371	0
7370	15
7377	0
7376	4
7375	18
7374	7
1193	3
9032	35
9033	4
9030	27
9031	9
9036	3
9037	17
7018	0
7019	7
7016	36
7017	33
7014	106
7015	5
7012	40
7013	0
7010	32
7011	1
732	67
8132	1
753	1
752	10
751	0
750	4
757	1
756	2
755	10
3783	22
759	37
758	214
3780	8
3781	3
2958	27
2959	0
738	82
2954	43
2955	58
2956	19
2957	0
2950	41
2951	24
2952	75
2953	0
1025	9
5345	2
1027	0
5347	0
1021	0
1020	31
1023	47
5343	26
1800	7
5348	5
1028	9
5456	70
3788	37
4365	32
4364	57
4367	51
4366	37
4361	0
4360	0
4363	35
4362	44
4369	64
4368	9
1196	0
8995	15
3108	59
3109	27
3104	41
3105	86
3106	42
3107	22
3100	34
3101	39
3102	63
3103	57
8673	18
8672	26
8671	80
8670	3
8677	30
8676	3
8675	25
8674	17
8679	12
8678	0
4093	21
4092	43
4091	43
4090	19
4097	1
4096	99
4095	0
4094	45
3326	36
4098	48
5735	8
5734	15
5737	4
5736	52
5731	0
5730	13
5733	77
5732	26
5739	15
5738	35
8097	1
8096	10
8095	33
8094	16
8093	1
8092	4
8091	20
8090	5
1565	80
8099	0
8098	77
8898	0
1738	13
1567	63
6659	19
6658	0
6657	7
6656	22
6655	0
6654	49
6653	34
6652	0
6651	12
6650	20
2125	39
6385	39
6384	8
6387	12
6386	16
6381	36
6380	52
6383	0
6382	58
6389	10
6388	43
2381	1
2380	82
2383	70
2382	1
2385	28
2384	46
2387	41
2386	57
2389	18
2388	47
1949	5
9289	9
7307	12
1849	7
1848	12
1843	21
1842	135
1841	37
1840	21
1847	12
1846	1
1845	41
1844	10
1942	0
4958	0
4959	14
2169	6
2168	0
3251	27
4952	71
2164	63
4950	20
2166	11
4956	1
4957	10
2163	15
2162	69
1941	24
3254	16
3255	41
3298	30
3256	63
1908	25
1909	8
1906	27
5136	19
5135	0
5134	0
3290	1
3291	9
5131	115
5130	82
1732	37
6891	72
6890	28
6893	11
6892	0
6895	48
6894	26
6897	0
6896	32
6899	0
6898	43
1735	24
1278	8
1279	0
618	37
619	39
2042	68
612	35
613	3
1272	85
611	4
616	0
617	18
1276	2
615	26
8798	3
8799	42
8248	0
8249	0
8242	5
8243	3
8792	43
8241	0
8246	42
8247	21
8796	1
8245	22
5461	21
2043	41
3332	0
3331	13
5462	33
5465	11
3336	30
8426	0
8427	29
8424	49
8425	0
8422	11
8423	2
8420	2
8421	0
5466	0
8428	2
8429	12
5469	0
9123	0
1499	20
9125	0
3338	36
3595	274
7599	8
7598	2
7597	10
7596	13
7595	7
7594	46
7593	3
7592	65
7591	32
626	49
3599	5
5035	1
4138	6
4139	0
5375	11
4130	34
4131	23
4132	79
4133	11
4134	0
4135	2
4136	9
4137	0
5692	2
5693	5
5690	35
5691	41
5696	32
3844	50
3847	32
5695	11
3849	57
3848	3
5698	6
5699	12
4465	25
5374	27
7912	3
7910	68
5968	12
5969	1
5960	9
5961	0
5962	25
5963	38
5964	8
5965	6
5966	3
5967	0
4549	63
4548	18
4541	31
4540	0
4543	45
4542	28
4545	26
4544	14
4547	139
4546	25
1073	9
2594	13
2595	33
2596	15
2597	26
2590	0
2591	1
2592	2
2593	216
2598	15
2599	52
1070	0
5436	3
6042	36
6043	1
6040	0
6041	4
6046	8
6047	9
6044	42
6986	0
5372	23
6048	3
6049	47
6985	44
2622	0
2623	21
2620	0
8601	0
2626	63
2627	4
2624	17
2625	14
6983	37
2628	49
2629	10
8607	0
7351	46
7350	35
7353	32
7352	16
7355	22
7354	36
7357	39
7356	0
7359	2
9235	66
9236	43
8605	4
9230	9
9231	0
9232	36
9233	14
189	24
8204	3
7337	0
9058	16
9059	37
7336	3
9050	5
9051	4
9052	6
9053	8
9054	3
9055	21
9056	0
9057	17
7335	0
775	15
774	19
777	35
776	53
771	17
770	4
773	24
772	27
779	0
778	70
77	33
76	29
2978	26
74	19
73	25
72	51
71	0
70	70
2972	7
2973	9
2970	7
2971	32
2976	26
2977	35
79	0
2975	10
5362	9
5363	22
1041	7
1040	5
1047	19
1046	15
1045	65
1044	14
5368	0
1048	45
5093	26
1506	25
4303	13
4302	25
4301	34
4300	46
4307	1
4306	59
4305	0
4304	71
4309	0
4308	30
1507	32
1072	14
3128	5
3129	3
3122	0
3123	0
3120	32
3121	19
3126	33
3127	18
3124	52
3125	26
8659	7
8658	10
8651	14
8650	0
8653	15
8652	52
8655	89
8654	1
8657	0
8656	7
5753	17
5752	42
5751	75
5750	25
5757	38
5756	0
5755	36
5754	54
5759	52
5758	68
861	32
4609	0
3444	0
5198	14
3447	42
862	3
3441	65
3440	51
867	26
3442	8
840	13
2024	45
2025	45
2026	32
7434	0
7435	27
7436	39
7437	0
7430	0
7431	9
7432	9
7433	34
2752	42
7438	39
7439	6
2753	14
4707	16
2022	30
2322	3
2751	43
4604	0
4705	40
6675	0
6674	15
6677	34
6676	51
6671	1
6670	0
6673	0
6672	11
4703	47
6679	21
6678	0
2326	51
1208	11
4701	39
4700	9
5194	41
8285	10
1614	14
1914	15
1615	1
2369	19
2368	52
2367	65
5253	46
2365	29
2364	36
2363	27
2362	125
2361	20
2360	1
5191	1
1861	27
1860	59
1863	0
1862	73
3728	3
3729	8
1867	48
1866	0
3724	10
3725	17
3726	25
3727	29
3720	39
3721	56
3722	0
3723	35
4686	21
4931	3
4932	1
4685	74
4682	31
4935	27
4680	50
4937	4
4938	22
4939	0
4688	29
4689	11
2109	18
2108	12
5251	21
2103	0
2102	8
2101	11
2100	3
2107	44
2106	2
2105	37
2104	20
5115	29
5114	18
5117	9
5116	0
5111	4
5110	14
5113	10
5112	2
5119	55
5118	4
5464	0
1717	7
5192	1
5257	74
9	11
890	17
891	31
892	10
893	14
894	61
895	57
896	46
897	20
898	14
899	63
1714	0
1788	34
1789	40
1780	67
1781	32
1782	35
1783	63
1784	10
1785	54
1786	88
1787	6
6879	28
6878	1
6877	23
6876	0
6875	4
6874	6
6873	16
6872	26
6871	86
6870	5
5467	16
3804	1
8220	16
8221	32
8222	14
8223	77
678	23
679	9
8226	16
8227	28
8228	14
8229	0
676	2
677	31
670	48
671	70
672	10
673	0
4649	35
3802	42
7609	27
7608	13
7607	30
7606	3
7605	6
7604	66
7603	36
7602	14
7601	57
7600	56
4642	51
4643	22
2493	43
8467	33
2492	5
2495	40
1965	149
4647	0
2497	2
9178	4
4645	11
8469	17
5354	1
1524	6
1257	15
1526	21
1527	9
1252	34
1253	20
1250	36
1251	36
1528	9
1529	9
1258	13
1259	25
3342	49
4116	0
4117	1
4114	0
4115	55
4112	6
4113	30
4110	3
4111	17
4118	14
4119	39
3343	20
5352	0
1210	44
9261	3
989	19
3057	0
3341	5
5946	20
5947	34
5944	0
5945	0
5942	39
5943	26
5940	29
5941	4
5948	26
5949	36
3346	20
980	49
9268	19
5155	26
3347	30
3345	1
6028	52
6029	13
6020	19
6021	40
6022	0
6023	15
6024	44
6025	21
6026	1
6027	40
2648	15
2649	77
2640	13
2641	45
2642	7
2643	33
2644	24
2645	38
2646	8
2647	22
9218	13
9219	0
9212	29
9213	17
9210	17
9211	0
9216	16
9217	41
9214	0
9215	1
5417	0
6955	9
9234	15
1440	55
9076	4
9077	14
9074	12
9075	0
9072	0
9073	25
9070	20
9071	83
9078	0
9079	5
3557	4
3556	562
3555	91
3554	101
3553	562
3552	16
3551	12
3550	34
3559	8
3558	19
2910	57
2911	11
2912	0
2913	31
2914	64
2915	54
719	50
718	12
717	0
2919	21
9237	3
714	121
713	49
712	7
711	0
710	27
1069	6
5309	0
1061	0
1060	1
1063	82
1062	15
1065	41
5305	25
1067	8
5307	62
6956	3
4329	51
4328	14
4321	12
4320	73
4323	5
4322	52
4325	0
4324	10
4327	18
4326	0
3140	5
3141	8
3142	7
3143	37
3144	20
3145	20
3146	21
3147	52
3148	5
3149	41
1359	0
5779	69
5778	9
5771	0
5770	54
5773	50
5772	0
5775	62
5774	0
5777	36
5776	0
9010	1
1633	40
3967	18
7412	17
7413	0
7410	7
7411	18
7416	0
7417	6
7414	42
7415	21
7418	0
7419	4
6613	26
6612	11
6611	20
6610	45
6617	33
6616	70
6615	12
6614	8
6619	25
6618	24
3500	64
1636	1
3501	4
5081	0
3503	19
5087	23
5086	11
1637	0
5085	53
5084	0
2345	10
2344	39
2347	19
2346	4
2341	1
2340	43
2343	4
2342	17
2349	28
2348	30
2067	96
3708	46
3709	25
1889	27
1888	58
1887	0
3703	5
1885	78
3701	2
3706	0
3707	4
3704	0
3705	9
2121	29
2120	5
2123	52
2122	44
4668	0
4669	106
4918	32
6915	32
4664	6
4917	74
4666	55
4915	58
4660	18
4913	40
4662	4
4663	0
6445	21
1356	24
6442	28
6443	14
5173	45
5172	0
5171	28
5170	1
5177	27
5176	31
5175	0
5174	0
5179	0
5178	17
133	2
132	22
131	42
130	23
137	26
136	20
135	46
134	51
139	26
138	89
1	41
410	15
1354	42
7002	29
6838	32
7254	0
7255	0
7256	66
7257	0
7250	57
7251	0
7252	0
7253	16
7258	9
7259	0
7004	0
6855	3
6854	21
6857	14
6856	36
6851	8
6850	52
6853	14
6852	8
6859	33
6858	15
88	6
89	35
82	23
83	8
80	42
81	5
86	50
87	23
84	42
85	55
8804	0
8805	31
8806	1
8807	0
8800	12
8801	5
8802	25
8803	27
8808	85
8809	16
6583	41
6582	4
6581	26
6580	0
6587	21
8759	15
6585	0
6584	18
8754	4
8207	11
8756	21
8757	42
8750	4
8751	17
8200	11
8753	0
7625	3
7624	3
7627	9
7626	25
7621	0
7620	0
7623	23
7622	5
7629	1
7628	18
7288	0
8994	14
185	45
7822	4
9195	0
3368	4
656	0
657	43
654	24
1501	0
3089	104
3088	9
1504	14
651	47
3085	25
3084	49
3087	10
1509	18
3081	39
3080	28
3083	18
3082	17
3369	10
9197	0
3885	38
3884	27
3887	49
3886	0
3881	30
5697	0
3883	21
3882	5
3889	27
3888	20
9196	22
2484	0
1884	9
6701	28
6700	26
1883	39
8327	0
8326	2
6994	47
6705	4
6704	4
8323	26
1882	4
8322	0
6996	23
1880	50
1296	15
6006	1
6007	32
6004	9
6005	11
6002	6
6003	57
6000	35
6001	32
6008	2
6009	37
6991	38
995	15
994	211
7397	13
7396	7
7391	0
7390	9
993	22
7392	1
9278	20
9279	1
999	18
998	14
6992	9
6993	2
9098	31
9099	6
9094	10
9095	0
9096	18
9097	0
9090	0
9091	63
9092	3
9093	0
5098	10
5099	13
3579	26
3578	31
5090	12
3574	17
3577	22
3576	0
5094	35
3570	28
3573	46
3572	15
4497	37
2667	17
2664	0
2665	69
2662	52
2663	21
4491	60
4490	0
2668	56
2669	25
2938	27
2939	4
2936	14
2937	19
2934	54
2935	72
2932	8
2933	0
2930	36
2931	48
5326	29
5327	43
5324	19
5325	46
5322	37
5323	0
5320	0
5321	31
1836	18
5328	43
5329	0
1396	13
6289	39
1743	14
3797	3
3796	0
2161	35
3168	0
3169	50
3166	27
3167	47
3164	32
3165	40
3162	44
3163	29
3160	8
3161	46
2406	29
2407	17
4983	0
731	10
730	49
733	21
2405	0
735	47
734	88
737	27
736	0
739	1
2150	0
4984	32
4987	226
4986	4
2006	18
2007	0
8567	5
8566	13
8565	0
8564	2
8563	0
8562	2
8561	6
8560	2
8569	30
8568	0
7478	38
7479	1
7470	27
7471	0
7472	37
7473	6
7474	0
7475	0
7476	60
7477	11
6639	7
6638	1
6631	9
6630	41
6633	34
6632	1
6635	0
6634	17
6637	25
6636	16
7022	0
3283	0
7021	17
2323	2
4706	2
2321	33
4704	34
2327	36
4702	19
2325	23
2324	16
2329	71
2328	3
4709	26
4708	26
3760	19
3761	6
3762	17
3763	29
3764	26
3765	47
3766	42
3767	69
3768	43
3769	29
1292	33
1293	16
1616	27
286	15
1290	21
2499	13
2498	0
4648	2
1291	4
2491	5
2490	22
4640	1
4641	27
4646	2
2494	4
4644	0
2496	39
1294	92
7898	1
7899	15
7896	39
7897	49
7894	25
7895	32
7892	23
7893	65
7890	2
7891	0
5159	69
5158	27
5151	14
5150	31
5153	33
5152	4
5250	0
5154	13
5157	31
5156	78
115	0
114	26
117	0
116	15
111	28
110	30
113	12
112	6
119	8
118	42
7272	18
7273	8
7270	4
7271	11
7276	2
7277	14
7274	78
7275	0
7278	44
7279	4
8551	16
8556	31
8009	14
6833	18
6832	0
6831	0
6830	43
6837	0
6836	22
6835	15
6834	22
6839	42
1803	79
8006	8
8559	18
8822	20
8823	19
8820	0
8821	22
8826	8
8827	10
8824	21
8825	3
8828	17
8829	4
8778	29
8779	0
8772	6
8773	99
8770	37
8771	6
8776	1
8777	4
8774	0
8775	0
7643	0
7642	0
7641	0
7640	1
7647	6
7646	15
7645	5
7644	3
7649	4
7648	21
9014	13
7031	13
7032	72
7033	5
1748	19
1749	18
1744	15
1745	30
1746	26
1747	20
1740	10
1741	54
1742	0
1486	2
9133	23
7036	0
9132	0
1865	47
3309	12
7924	3
5494	214
7293	62
5495	10
7294	0
5633	33
1489	5
7295	0
1802	82
5497	0
7296	10
3302	14
9134	1
3303	35
1568	44
1569	41
1298	63
1299	7
5492	38
1560	21
1561	34
1562	26
1563	27
1564	46
1297	43
1566	38
1295	0
5638	4
5639	71
5634	47
5635	20
5636	11
5637	25
5630	53
5631	23
5632	8
7466	10
8480	29
8481	10
8482	5
8483	22
8484	7
8485	0
8486	0
8487	0
8488	9
8489	2
7464	45
