# Node Distance_From_Erdos

0 6
1 3
2 None
3 None
4 3
5 4
6 None
7 5
8 None
9 6
10 None
11 2
12 5
13 2
14 3
15 4
16 3
17 4
18 None
19 4
20 None
21 3
22 None
23 5
24 None
25 4
26 3
27 2
28 4
29 7
30 3
31 4
32 4
33 3
34 5
35 None
36 5
37 4
38 5
39 3
40 5
41 None
42 3
43 4
44 3
45 3
46 4
47 None
48 5
49 3
50 3
51 3
52 4
53 5
54 4
55 5
56 7
57 5
58 5
59 4
60 4
61 3
62 5
63 4
64 None
65 4
66 None
67 2
68 4
69 4
70 4
71 4
72 4
73 4
74 6
75 3
76 4
77 4
78 3
79 4
80 4
81 6
82 3
83 5
84 3
85 3
86 4
87 2
88 4
89 4
90 4
91 4
92 4
93 5
94 5
95 3
96 4
97 6
98 7
99 5
100 3
101 4
102 3
103 3
104 4
105 4
106 3
107 None
108 None
109 None
110 2
111 2
112 None
113 None
114 4
115 6
116 None
117 5
118 2
119 2
120 7
121 3
122 3
123 9
124 3
125 2
126 5
127 3
128 5
129 2
130 None
131 3
132 5
133 5
134 3
135 4
136 6
137 3
138 4
139 5
140 2
141 None
142 8
143 3
144 3
145 2
146 4
147 None
148 None
149 None
150 3
151 3
152 4
153 2
154 None
155 4
156 5
157 5
158 4
159 2
160 2
161 4
162 4
163 None
164 2
165 4
166 5
167 6
168 None
169 3
170 4
171 4
172 4
173 4
174 3
175 6
176 5
177 4
178 4
179 3
180 5
181 4
182 3
183 3
184 None
185 5
186 4
187 3
188 3
189 3
190 5
191 5
192 2
193 3
194 None
195 4
196 5
197 None
198 None
199 5
200 3
201 4
202 4
203 None
204 4
205 4
206 3
207 3
208 6
209 4
210 4
211 None
212 4
213 4
214 5
215 None
216 6
217 4
218 None
219 None
220 4
221 4
222 5
223 5
224 4
225 3
226 5
227 3
228 7
229 3
230 4
231 3
232 5
233 4
234 6
235 4
236 3
237 4
238 2
239 4
240 3
241 6
242 5
243 None
244 4
245 6
246 4
247 6
248 3
249 2
250 4
251 4
252 4
253 4
254 5
255 5
256 2
257 None
258 None
259 3
260 4
261 3
262 2
263 None
264 5
265 4
266 4
267 3
268 5
269 4
270 5
271 None
272 None
273 5
274 3
275 4
276 5
277 2
278 3
279 4
280 4
281 None
282 None
283 5
284 2
285 3
286 4
287 4
288 4
289 3
290 5
291 3
292 4
293 3
294 5
295 3
296 5
297 4
298 3
299 5
300 3
301 3
302 None
303 4
304 4
305 4
306 3
307 5
308 3
309 4
310 4
311 4
312 5
313 4
314 5
315 4
316 4
317 4
318 3
319 4
320 4
321 5
322 4
323 3
324 3
325 4
326 5
327 5
328 3
329 4
330 None
331 3
332 3
333 4
334 4
335 4
336 4
337 5
338 3
339 4
340 4
341 1
342 3
343 3
344 3
345 3
346 6
347 4
348 4
349 3
350 4
351 3
352 4
353 6
354 None
355 3
356 None
357 6
358 None
359 3
360 3
361 4
362 4
363 3
364 None
365 8
366 None
367 4
368 3
369 2
370 None
371 4
372 3
373 6
374 4
375 7
376 5
377 None
378 3
379 None
380 4
381 6
382 6
383 5
384 3
385 7
386 3
387 3
388 2
389 6
390 4
391 4
392 6
393 6
394 4
395 3
396 4
397 5
398 6
399 5
400 4
401 6
402 4
403 4
404 6
405 4
406 4
407 6
408 4
409 None
410 4
411 3
412 5
413 5
414 None
415 None
416 3
417 5
418 5
419 None
420 4
421 3
422 4
423 5
424 5
425 2
426 4
427 4
428 3
429 4
430 5
431 5
432 None
433 None
434 3
435 5
436 4
437 3
438 4
439 5
440 6
441 3
442 5
443 None
444 4
445 3
446 4
447 None
448 2
449 None
450 4
451 6
452 4
453 None
454 4
455 2
456 5
457 3
458 5
459 None
460 None
461 4
462 4
463 3
464 4
465 5
466 4
467 5
468 4
469 3
470 4
471 4
472 5
473 3
474 None
475 4
476 5
477 4
478 None
479 3
480 4
481 2
482 3
483 1
484 5
485 5
486 5
487 5
488 4
489 4
490 2
491 4
492 5
493 3
494 5
495 5
496 5
497 6
498 4
499 3
500 5
501 3
502 3
503 4
504 4
505 5
506 4
507 8
508 5
509 5
510 3
511 None
512 5
513 4
514 4
515 4
516 3
517 3
518 6
519 5
520 4
521 5
522 3
523 4
524 1
525 None
526 3
527 4
528 3
529 3
530 5
531 4
532 5
533 3
534 4
535 4
536 3
537 4
538 2
539 None
540 4
541 4
542 4
543 6
544 3
545 5
546 5
547 4
548 4
549 5
550 6
551 2
552 None
553 None
554 None
555 4
556 7
557 4
558 2
559 4
560 3
561 None
562 4
563 3
564 5
565 4
566 3
567 4
568 4
569 3
570 6
571 5
572 5
573 4
574 None
575 6
576 3
577 5
578 2
579 3
580 None
581 3
582 4
583 None
584 4
585 6
586 4
587 4
588 4
589 4
590 5
591 5
592 None
593 4
594 3
595 6
596 3
597 None
598 None
599 None
600 6
601 4
602 3
603 3
604 3
605 3
606 7
607 None
608 4
609 3
610 None
611 4
612 2
613 3
614 4
615 4
616 None
617 4
618 5
619 3
620 5
621 4
622 4
623 3
624 3
625 3
626 6
627 4
628 2
629 None
630 5
631 None
632 3
633 3
634 5
635 4
636 3
637 5
638 None
639 1
640 3
641 5
642 5
643 2
644 None
645 5
646 4
647 4
648 None
649 3
650 4
651 3
652 4
653 6
654 5
655 None
656 None
657 1
658 4
659 2
660 6
661 3
662 2
663 5
664 None
665 5
666 3
667 None
668 4
669 3
670 5
671 3
672 5
673 6
674 6
675 4
676 4
677 3
678 4
679 3
680 5
681 4
682 None
683 3
684 2
685 None
686 4
687 None
688 3
689 3
690 2
691 4
692 3
693 4
694 4
695 4
696 3
697 None
698 5
699 3
700 4
701 4
702 3
703 None
704 5
705 3
706 3
707 4
708 5
709 3
710 5
711 4
712 5
713 3
714 3
715 4
716 4
717 None
718 None
719 3
720 4
721 4
722 5
723 3
724 4
725 None
726 2
727 1
728 None
729 3
730 3
731 None
732 4
733 5
734 3
735 4
736 6
737 3
738 6
739 6
740 2
741 3
742 4
743 4
744 None
745 2
746 3
747 None
748 4
749 None
750 4
751 4
752 4
753 4
754 4
755 4
756 5
757 5
758 3
759 4
760 5
761 3
762 None
763 4
764 4
765 4
766 None
767 3
768 None
769 4
770 3
771 4
772 4
773 5
774 5
775 4
776 3
777 3
778 6
779 None
780 4
781 9
782 4
783 3
784 1
785 5
786 4
787 3
788 4
789 4
790 4
791 5
792 5
793 4
794 2
795 4
796 3
797 4
798 4
799 3
800 4
801 None
802 None
803 None
804 2
805 6
806 5
807 5
808 6
809 3
810 3
811 6
812 4
813 7
814 None
815 4
816 5
817 6
818 5
819 3
820 3
821 None
822 5
823 4
824 3
825 4
826 2
827 4
828 5
829 5
830 4
831 4
832 4
833 3
834 None
835 3
836 5
837 9
838 4
839 8
840 4
841 None
842 3
843 4
844 5
845 5
846 4
847 None
848 None
849 5
850 4
851 5
852 3
853 6
854 4
855 3
856 6
857 3
858 4
859 3
860 4
861 None
862 3
863 4
864 5
865 4
866 6
867 None
868 4
869 4
870 4
871 4
872 3
873 3
874 4
875 6
876 None
877 6
878 None
879 None
880 None
881 5
882 4
883 4
884 None
885 4
886 4
887 4
888 None
889 4
890 5
891 5
892 4
893 4
894 4
895 3
896 3
897 4
898 7
899 3
900 2
901 5
902 4
903 5
904 5
905 5
906 None
907 None
908 5
909 4
910 5
911 3
912 None
913 3
914 5
915 4
916 4
917 None
918 3
919 4
920 None
921 3
922 2
923 4
924 None
925 3
926 2
927 4
928 4
929 5
930 None
931 5
932 7
933 5
934 5
935 6
936 4
937 3
938 4
939 1
940 4
941 4
942 1
943 None
944 4
945 5
946 2
947 5
948 None
949 3
950 2
951 3
952 None
953 3
954 None
955 7
956 4
957 2
958 5
959 4
960 None
961 3
962 5
963 3
964 4
965 None
966 3
967 3
968 4
969 3
970 5
971 5
972 4
973 5
974 4
975 None
976 7
977 None
978 None
979 3
980 3
981 4
982 3
983 5
984 6
985 4
986 5
987 None
988 4
989 3
990 6
991 3
992 4
993 6
994 3
995 None
996 4
997 5
998 4
999 5
1000 3
1001 5
1002 2
1003 3
1004 None
1005 None
1006 4
1007 5
1008 7
1009 8
1010 3
1011 4
1012 8
1013 5
1014 5
1015 4
1016 3
1017 5
1018 4
1019 4
1020 4
1021 None
1022 2
1023 3
1024 5
1025 6
1026 5
1027 None
1028 4
1029 None
1030 None
1031 5
1032 4
1033 4
1034 4
1035 5
1036 5
1037 4
1038 4
1039 4
1040 7
1041 None
1042 3
1043 4
1044 None
1045 3
1046 3
1047 7
1048 2
1049 5
1050 4
1051 4
1052 3
1053 5
1054 5
1055 1
1056 5
1057 4
1058 3
1059 4
1060 4
1061 None
1062 3
1063 3
1064 3
1065 6
1066 None
1067 6
1068 5
1069 6
1070 6
1071 3
1072 4
1073 None
1074 6
1075 5
1076 5
1077 None
1078 3
1079 None
1080 4
1081 None
1082 3
1083 None
1084 None
1085 3
1086 3
1087 None
1088 1
1089 3
1090 None
1091 4
1092 3
1093 4
1094 1
1095 0
1096 None
1097 4
1098 3
1099 5
1100 4
1101 4
1102 4
1103 3
1104 None
1105 None
1106 5
1107 4
1108 3
1109 4
1110 4
1111 4
1112 2
1113 4
1114 4
1115 5
1116 4
1117 3
1118 4
1119 4
1120 3
1121 None
1122 4
1123 4
1124 5
1125 5
1126 5
1127 3
1128 None
1129 None
1130 5
1131 3
1132 4
1133 3
1134 4
1135 3
1136 3
1137 4
1138 3
1139 3
1140 3
1141 6
1142 5
1143 4
1144 4
1145 4
1146 4
1147 None
1148 4
1149 4
1150 None
1151 4
1152 None
1153 2
1154 None
1155 4
1156 None
1157 None
1158 4
1159 3
1160 5
1161 5
1162 4
1163 4
1164 6
1165 None
1166 4
1167 3
1168 4
1169 3
1170 None
1171 None
1172 4
1173 4
1174 4
1175 None
1176 4
1177 4
1178 4
1179 3
1180 5
1181 3
1182 None
1183 4
1184 3
1185 None
1186 3
1187 3
1188 None
1189 3
1190 3
1191 1
1192 4
1193 None
1194 6
1195 3
1196 3
1197 None
1198 3
1199 3
1200 3
1201 4
1202 4
1203 4
1204 4
1205 4
1206 4
1207 5
1208 None
1209 4
1210 4
1211 6
1212 5
1213 5
1214 3
1215 3
1216 4
1217 4
1218 3
1219 4
1220 5
1221 4
1222 4
1223 6
1224 4
1225 3
1226 5
1227 4
1228 4
1229 3
1230 None
1231 None
1232 None
1233 4
1234 4
1235 None
1236 4
1237 4
1238 7
1239 4
1240 4
1241 None
1242 4
1243 5
1244 1
1245 5
1246 5
1247 4
1248 4
1249 None
1250 5
1251 None
1252 3
1253 4
1254 3
1255 None
1256 3
1257 5
1258 5
1259 4
1260 5
1261 3
1262 5
1263 4
1264 4
1265 2
1266 5
1267 4
1268 4
1269 None
1270 4
1271 None
1272 3
1273 5
1274 5
1275 4
1276 None
1277 5
1278 5
1279 5
1280 5
1281 5
1282 3
1283 2
1284 3
1285 5
1286 None
1287 4
1288 3
1289 5
1290 4
1291 4
1292 None
1293 4
1294 4
1295 5
1296 4
1297 5
1298 3
1299 None
1300 4
1301 None
1302 4
1303 4
1304 3
1305 3
1306 4
1307 None
1308 3
1309 5
1310 3
1311 4
1312 3
1313 5
1314 5
1315 4
1316 None
1317 2
1318 None
1319 2
1320 4
1321 None
1322 3
1323 None
1324 3
1325 4
1326 5
1327 None
1328 None
1329 4
1330 None
1331 6
1332 3
1333 5
1334 None
1335 3
1336 6
1337 4
1338 None
1339 3
1340 5
1341 2
1342 3
1343 8
1344 None
1345 4
1346 5
1347 4
1348 5
1349 3
1350 5
1351 None
1352 3
1353 4
1354 4
1355 1
1356 4
1357 4
1358 4
1359 None
1360 4
1361 2
1362 2
1363 6
1364 2
1365 None
1366 9
1367 5
1368 1
1369 3
1370 4
1371 4
1372 5
1373 3
1374 4
1375 2
1376 5
1377 3
1378 4
1379 4
1380 8
1381 None
1382 3
1383 None
1384 4
1385 4
1386 2
1387 5
1388 4
1389 5
1390 None
1391 3
1392 5
1393 5
1394 3
1395 6
1396 5
1397 4
1398 4
1399 3
1400 5
1401 None
1402 None
1403 4
1404 None
1405 None
1406 4
1407 6
1408 3
1409 4
1410 5
1411 5
1412 7
1413 4
1414 None
1415 5
1416 4
1417 None
1418 None
1419 3
1420 3
1421 5
1422 4
1423 4
1424 4
1425 4
1426 2
1427 5
1428 3
1429 8
1430 4
1431 4
1432 3
1433 5
1434 None
1435 4
1436 4
1437 None
1438 5
1439 5
1440 2
1441 4
1442 3
1443 5
1444 4
1445 2
1446 6
1447 5
1448 7
1449 4
1450 4
1451 4
1452 3
1453 None
1454 3
1455 4
1456 7
1457 None
1458 5
1459 5
1460 4
1461 4
1462 4
1463 3
1464 5
1465 6
1466 4
1467 None
1468 None
1469 5
1470 5
1471 3
1472 6
1473 5
1474 4
1475 3
1476 5
1477 6
1478 8
1479 None
1480 None
1481 4
1482 4
1483 3
1484 4
1485 5
1486 4
1487 5
1488 4
1489 4
1490 None
1491 6
1492 3
1493 5
1494 4
1495 4
1496 2
1497 5
1498 3
1499 5
1500 4
1501 None
1502 5
1503 5
1504 5
1505 4
1506 4
1507 3
1508 4
1509 3
1510 3
1511 3
1512 5
1513 7
1514 4
1515 5
1516 None
1517 8
1518 3
1519 4
1520 5
1521 4
1522 3
1523 4
1524 3
1525 4
1526 4
1527 7
1528 None
1529 5
1530 3
1531 4
1532 4
1533 3
1534 6
1535 4
1536 5
1537 3
1538 5
1539 4
1540 None
1541 3
1542 5
1543 4
1544 None
1545 3
1546 3
1547 4
1548 3
1549 5
1550 4
1551 5
1552 4
1553 5
1554 5
1555 5
1556 4
1557 3
1558 4
1559 4
1560 1
1561 3
1562 4
1563 None
1564 5
1565 2
1566 4
1567 2
1568 4
1569 4
1570 6
1571 4
1572 4
1573 5
1574 4
1575 None
1576 3
1577 5
1578 3
1579 4
1580 6
1581 5
1582 1
1583 4
1584 None
1585 4
1586 4
1587 5
1588 4
1589 None
1590 5
1591 5
1592 5
1593 3
1594 3
1595 None
1596 5
1597 3
1598 3
1599 6
1600 4
1601 5
1602 None
1603 7
1604 3
1605 5
1606 6
1607 4
1608 6
1609 4
1610 3
1611 6
1612 4
1613 None
1614 4
1615 4
1616 4
1617 4
1618 6
1619 4
1620 3
1621 4
1622 None
1623 4
1624 3
1625 6
1626 None
1627 4
1628 4
1629 3
1630 5
1631 4
1632 2
1633 3
1634 3
1635 None
1636 4
1637 None
1638 None
1639 3
1640 3
1641 3
1642 5
1643 None
1644 3
1645 None
1646 None
1647 4
1648 None
1649 5
1650 None
1651 4
1652 3
1653 4
1654 None
1655 4
1656 5
1657 3
1658 3
1659 4
1660 3
1661 4
1662 5
1663 2
1664 5
1665 None
1666 6
1667 4
1668 10
1669 4
1670 4
1671 3
1672 5
1673 5
1674 None
1675 3
1676 3
1677 5
1678 2
1679 3
1680 4
1681 4
1682 None
1683 4
1684 3
1685 4
1686 None
1687 4
1688 4
1689 3
1690 6
1691 None
1692 4
1693 None
1694 4
1695 4
1696 3
1697 None
1698 3
1699 5
1700 1
1701 5
1702 4
1703 3
1704 4
1705 None
1706 3
1707 4
1708 8
1709 4
1710 3
1711 None
1712 None
1713 5
1714 6
1715 2
1716 4
1717 3
1718 3
1719 5
1720 3
1721 3
1722 5
1723 4
1724 6
1725 7
1726 3
1727 3
1728 5
1729 3
1730 3
1731 None
1732 3
1733 None
1734 5
1735 4
1736 None
1737 4
1738 7
1739 None
1740 4
1741 4
1742 5
1743 None
1744 None
1745 4
1746 3
1747 2
1748 4
1749 5
1750 4
1751 3
1752 7
1753 5
1754 3
1755 2
1756 None
1757 4
1758 3
1759 3
1760 5
1761 None
1762 3
1763 5
1764 5
1765 4
1766 3
1767 5
1768 3
1769 4
1770 3
1771 None
1772 5
1773 4
1774 5
1775 5
1776 5
1777 4
1778 None
1779 5
1780 3
1781 4
1782 5
1783 3
1784 4
1785 None
1786 4
1787 4
1788 3
1789 2
1790 None
1791 2
1792 3
1793 5
1794 3
1795 5
1796 5
1797 None
1798 None
1799 4
1800 None
1801 5
1802 3
1803 6
1804 2
1805 4
1806 4
1807 5
1808 2
1809 4
1810 None
1811 4
1812 4
1813 4
1814 None
1815 5
1816 None
1817 None
1818 4
1819 None
1820 4
1821 3
1822 4
1823 4
1824 5
1825 5
1826 4
1827 5
1828 3
1829 5
1830 5
1831 5
1832 3
1833 4
1834 4
1835 2
1836 4
1837 4
1838 4
1839 4
1840 2
1841 4
1842 3
1843 5
1844 6
1845 4
1846 4
1847 5
1848 4
1849 4
1850 5
1851 6
1852 5
1853 5
1854 5
1855 None
1856 4
1857 5
1858 4
1859 None
1860 3
1861 3
1862 3
1863 None
1864 3
1865 5
1866 5
1867 4
1868 3
1869 5
1870 4
1871 5
1872 None
1873 None
1874 None
1875 3
1876 None
1877 4
1878 5
1879 2
1880 None
1881 3
1882 5
1883 4
1884 3
1885 3
1886 2
1887 5
1888 4
1889 5
1890 5
1891 None
1892 9
1893 4
1894 4
1895 4
1896 None
1897 6
1898 3
1899 4
1900 3
1901 3
1902 11
1903 4
1904 2
1905 6
1906 3
1907 4
1908 5
1909 None
1910 3
1911 5
1912 4
1913 None
1914 2
1915 None
1916 None
1917 3
1918 None
1919 4
1920 3
1921 2
1922 None
1923 3
1924 4
1925 3
1926 5
1927 4
1928 2
1929 5
1930 2
1931 4
1932 3
1933 5
1934 4
1935 None
1936 4
1937 None
1938 4
1939 5
1940 4
1941 9
1942 4
1943 3
1944 3
1945 3
1946 4
1947 4
1948 None
1949 5
1950 5
1951 3
1952 4
1953 3
1954 5
1955 5
1956 4
1957 4
1958 None
1959 None
1960 None
1961 6
1962 4
1963 4
1964 5
1965 4
1966 3
1967 None
1968 3
1969 5
1970 5
1971 3
1972 3
1973 5
1974 None
1975 5
1976 3
1977 6
1978 5
1979 5
1980 3
1981 5
1982 4
1983 3
1984 2
1985 None
1986 4
1987 3
1988 None
1989 4
1990 4
1991 7
1992 4
1993 None
1994 7
1995 3
1996 8
1997 4
1998 4
1999 4
2000 3
2001 4
2002 None
2003 None
2004 3
2005 3
2006 5
2007 5
2008 3
2009 4
2010 5
2011 4
2012 4
2013 3
2014 None
2015 2
2016 4
2017 4
2018 3
2019 4
2020 2
2021 4
2022 3
2023 5
2024 5
2025 4
2026 3
2027 4
2028 4
2029 None
2030 4
2031 6
2032 5
2033 5
2034 6
2035 3
2036 4
2037 3
2038 3
2039 3
2040 5
2041 5
2042 5
2043 5
2044 5
2045 4
2046 None
2047 3
2048 3
2049 2
2050 3
2051 4
2052 4
2053 4
2054 2
2055 4
2056 None
2057 4
2058 2
2059 None
2060 2
2061 5
2062 None
2063 5
2064 4
2065 4
2066 4
2067 2
2068 3
2069 None
2070 3
2071 3
2072 6
2073 3
2074 4
2075 3
2076 3
2077 4
2078 5
2079 7
2080 4
2081 2
2082 4
2083 6
2084 4
2085 None
2086 2
2087 4
2088 None
2089 4
2090 5
2091 None
2092 None
2093 4
2094 3
2095 5
2096 5
2097 4
2098 5
2099 4
2100 6
2101 4
2102 6
2103 7
2104 None
2105 3
2106 4
2107 5
2108 4
2109 3
2110 6
2111 5
2112 5
2113 3
2114 5
2115 None
2116 5
2117 8
2118 7
2119 4
2120 None
2121 4
2122 None
2123 3
2124 6
2125 3
2126 None
2127 None
2128 6
2129 4
2130 5
2131 None
2132 None
2133 4
2134 5
2135 None
2136 6
2137 4
2138 4
2139 5
2140 3
2141 3
2142 3
2143 4
2144 5
2145 2
2146 None
2147 4
2148 4
2149 5
2150 5
2151 1
2152 3
2153 7
2154 3
2155 4
2156 3
2157 None
2158 5
2159 3
2160 2
2161 3
2162 3
2163 4
2164 4
2165 3
2166 4
2167 6
2168 None
2169 5
2170 6
2171 None
2172 3
2173 None
2174 None
2175 4
2176 5
2177 4
2178 2
2179 4
2180 4
2181 5
2182 5
2183 2
2184 3
2185 3
2186 5
2187 3
2188 4
2189 5
2190 5
2191 4
2192 4
2193 5
2194 3
2195 4
2196 4
2197 2
2198 3
2199 5
2200 None
2201 4
2202 4
2203 None
2204 None
2205 5
2206 4
2207 5
2208 3
2209 4
2210 3
2211 5
2212 5
2213 4
2214 4
2215 5
2216 None
2217 None
2218 4
2219 3
2220 3
2221 3
2222 2
2223 None
2224 None
2225 5
2226 4
2227 3
2228 5
2229 6
2230 4
2231 None
2232 6
2233 3
2234 4
2235 3
2236 None
2237 5
2238 4
2239 6
2240 3
2241 4
2242 5
2243 5
2244 4
2245 2
2246 4
2247 2
2248 5
2249 3
2250 4
2251 4
2252 5
2253 3
2254 4
2255 4
2256 4
2257 4
2258 2
2259 3
2260 5
2261 4
2262 None
2263 4
2264 4
2265 3
2266 7
2267 5
2268 4
2269 5
2270 3
2271 3
2272 6
2273 4
2274 None
2275 4
2276 5
2277 4
2278 5
2279 5
2280 3
2281 4
2282 4
2283 4
2284 4
2285 3
2286 4
2287 4
2288 4
2289 4
2290 5
2291 3
2292 None
2293 3
2294 5
2295 5
2296 None
2297 3
2298 4
2299 4
2300 None
2301 3
2302 3
2303 None
2304 4
2305 4
2306 4
2307 3
2308 None
2309 None
2310 None
2311 3
2312 None
2313 5
2314 6
2315 4
2316 4
2317 3
2318 4
2319 None
2320 3
2321 2
2322 4
2323 None
2324 5
2325 4
2326 3
2327 3
2328 3
2329 3
2330 4
2331 None
2332 None
2333 4
2334 3
2335 4
2336 5
2337 None
2338 None
2339 3
2340 7
2341 5
2342 4
2343 3
2344 5
2345 None
2346 4
2347 5
2348 6
2349 2
2350 3
2351 3
2352 5
2353 None
2354 None
2355 5
2356 5
2357 5
2358 5
2359 2
2360 5
2361 None
2362 6
2363 5
2364 3
2365 4
2366 None
2367 3
2368 None
2369 4
2370 None
2371 4
2372 3
2373 None
2374 4
2375 4
2376 4
2377 None
2378 4
2379 3
2380 2
2381 None
2382 None
2383 6
2384 3
2385 3
2386 3
2387 None
2388 7
2389 5
2390 3
2391 3
2392 None
2393 3
2394 6
2395 3
2396 4
2397 4
2398 4
2399 4
2400 None
2401 5
2402 None
2403 3
2404 4
2405 None
2406 None
2407 4
2408 3
2409 3
2410 4
2411 5
2412 4
2413 4
2414 5
2415 3
2416 3
2417 4
2418 None
2419 4
2420 3
2421 5
2422 4
2423 4
2424 5
2425 None
2426 4
2427 4
2428 7
2429 5
2430 2
2431 3
2432 6
2433 None
2434 6
2435 4
2436 3
2437 3
2438 5
2439 5
2440 None
2441 5
2442 3
2443 4
2444 3
2445 4
2446 3
2447 2
2448 4
2449 4
2450 2
2451 4
2452 None
2453 3
2454 3
2455 3
2456 None
2457 4
2458 4
2459 6
2460 3
2461 None
2462 4
2463 4
2464 3
2465 6
2466 3
2467 4
2468 3
2469 5
2470 3
2471 2
2472 3
2473 5
2474 5
2475 None
2476 3
2477 10
2478 4
2479 3
2480 None
2481 2
2482 5
2483 4
2484 None
2485 5
2486 4
2487 None
2488 6
2489 5
2490 9
2491 6
2492 None
2493 5
2494 6
2495 3
2496 2
2497 4
2498 3
2499 4
2500 4
2501 3
2502 5
2503 8
2504 5
2505 3
2506 3
2507 4
2508 2
2509 4
2510 5
2511 4
2512 None
2513 None
2514 3
2515 None
2516 2
2517 None
2518 4
2519 4
2520 None
2521 4
2522 4
2523 None
2524 4
2525 4
2526 7
2527 3
2528 None
2529 4
2530 5
2531 4
2532 4
2533 None
2534 None
2535 6
2536 None
2537 3
2538 4
2539 4
2540 6
2541 5
2542 None
2543 6
2544 3
2545 None
2546 3
2547 6
2548 3
2549 4
2550 5
2551 3
2552 4
2553 None
2554 None
2555 None
2556 5
2557 4
2558 5
2559 2
2560 None
2561 3
2562 None
2563 4
2564 3
2565 3
2566 5
2567 4
2568 5
2569 5
2570 None
2571 3
2572 6
2573 6
2574 4
2575 4
2576 None
2577 6
2578 2
2579 2
2580 5
2581 None
2582 None
2583 None
2584 6
2585 4
2586 None
2587 3
2588 None
2589 3
2590 None
2591 5
2592 None
2593 5
2594 4
2595 4
2596 5
2597 5
2598 None
2599 4
2600 4
2601 3
2602 4
2603 5
2604 4
2605 7
2606 4
2607 4
2608 None
2609 1
2610 4
2611 3
2612 4
2613 4
2614 None
2615 3
2616 5
2617 5
2618 None
2619 4
2620 None
2621 4
2622 6
2623 3
2624 4
2625 4
2626 4
2627 5
2628 7
2629 3
2630 5
2631 3
2632 5
2633 4
2634 6
2635 4
2636 4
2637 4
2638 2
2639 3
2640 3
2641 4
2642 None
2643 4
2644 5
2645 4
2646 4
2647 2
2648 None
2649 2
2650 5
2651 5
2652 5
2653 4
2654 None
2655 6
2656 4
2657 4
2658 4
2659 6
2660 6
2661 4
2662 4
2663 None
2664 None
2665 4
2666 4
2667 5
2668 5
2669 4
2670 4
2671 5
2672 None
2673 4
2674 None
2675 None
2676 5
2677 4
2678 4
2679 4
2680 4
2681 None
2682 4
2683 4
2684 4
2685 3
2686 5
2687 3
2688 None
2689 3
2690 3
2691 4
2692 None
2693 3
2694 4
2695 5
2696 4
2697 3
2698 4
2699 None
2700 4
2701 None
2702 4
2703 None
2704 5
2705 3
2706 2
2707 2
2708 None
2709 3
2710 3
2711 None
2712 4
2713 None
2714 4
2715 4
2716 7
2717 None
2718 4
2719 4
2720 5
2721 None
2722 6
2723 4
2724 None
2725 3
2726 3
2727 5
2728 None
2729 3
2730 4
2731 4
2732 3
2733 4
2734 5
2735 None
2736 5
2737 3
2738 5
2739 4
2740 4
2741 7
2742 4
2743 None
2744 2
2745 4
2746 4
2747 None
2748 5
2749 3
2750 1
2751 2
2752 3
2753 4
2754 3
2755 3
2756 4
2757 2
2758 4
2759 3
2760 4
2761 None
2762 5
2763 None
2764 5
2765 5
2766 None
2767 5
2768 None
2769 4
2770 5
2771 4
2772 5
2773 4
2774 3
2775 4
2776 4
2777 4
2778 6
2779 None
2780 5
2781 4
2782 7
2783 4
2784 None
2785 3
2786 5
2787 6
2788 5
2789 None
2790 5
2791 6
2792 None
2793 None
2794 5
2795 4
2796 4
2797 4
2798 4
2799 4
2800 3
2801 3
2802 None
2803 5
2804 4
2805 4
2806 7
2807 4
2808 4
2809 4
2810 None
2811 5
2812 4
2813 4
2814 2
2815 2
2816 3
2817 3
2818 None
2819 2
2820 5
2821 5
2822 3
2823 4
2824 4
2825 4
2826 4
2827 2
2828 5
2829 None
2830 5
2831 4
2832 4
2833 3
2834 5
2835 3
2836 3
2837 4
2838 6
2839 4
2840 4
2841 6
2842 3
2843 6
2844 3
2845 4
2846 None
2847 5
2848 6
2849 5
2850 None
2851 4
2852 5
2853 4
2854 4
2855 5
2856 4
2857 4
2858 3
2859 4
2860 5
2861 4
2862 6
2863 4
2864 3
2865 4
2866 None
2867 6
2868 4
2869 3
2870 2
2871 4
2872 4
2873 4
2874 None
2875 5
2876 3
2877 None
2878 2
2879 None
2880 3
2881 None
2882 4
2883 None
2884 4
2885 4
2886 6
2887 4
2888 3
2889 4
2890 4
2891 4
2892 5
2893 4
2894 4
2895 None
2896 4
2897 5
2898 4
2899 4
2900 5
2901 3
2902 4
2903 4
2904 1
2905 None
2906 None
2907 4
2908 None
2909 6
2910 5
2911 None
2912 None
2913 4
2914 4
2915 5
2916 5
2917 None
2918 3
2919 5
2920 6
2921 5
2922 3
2923 None
2924 5
2925 8
2926 5
2927 3
2928 4
2929 3
2930 4
2931 4
2932 5
2933 None
2934 4
2935 2
2936 4
2937 4
2938 None
2939 3
2940 4
2941 None
2942 4
2943 2
2944 3
2945 3
2946 4
2947 3
2948 5
2949 4
2950 4
2951 None
2952 3
2953 5
2954 3
2955 3
2956 3
2957 4
2958 3
2959 None
2960 None
2961 4
2962 None
2963 4
2964 4
2965 3
2966 6
2967 8
2968 4
2969 4
2970 5
2971 2
2972 None
2973 6
2974 3
2975 2
2976 3
2977 3
2978 4
2979 None
2980 3
2981 3
2982 3
2983 None
2984 2
2985 5
2986 5
2987 4
2988 5
2989 3
2990 5
2991 None
2992 3
2993 5
2994 3
2995 None
2996 3
2997 None
2998 7
2999 None
3000 4
3001 5
3002 7
3003 None
3004 None
3005 None
3006 4
3007 2
3008 7
3009 None
3010 None
3011 3
3012 3
3013 5
3014 3
3015 3
3016 4
3017 None
3018 4
3019 4
3020 6
3021 None
3022 4
3023 5
3024 5
3025 5
3026 3
3027 4
3028 1
3029 4
3030 None
3031 4
3032 3
3033 3
3034 None
3035 3
3036 6
3037 3
3038 4
3039 None
3040 3
3041 3
3042 4
3043 4
3044 5
3045 5
3046 5
3047 4
3048 1
3049 4
3050 4
3051 3
3052 5
3053 None
3054 4
3055 None
3056 4
3057 4
3058 5
3059 9
3060 3
3061 3
3062 None
3063 None
3064 6
3065 4
3066 3
3067 None
3068 5
3069 4
3070 4
3071 4
3072 4
3073 3
3074 4
3075 None
3076 None
3077 1
3078 4
3079 3
3080 None
3081 4
3082 None
3083 4
3084 4
3085 5
3086 None
3087 5
3088 4
3089 6
3090 6
3091 None
3092 4
3093 4
3094 5
3095 3
3096 4
3097 None
3098 2
3099 4
3100 6
3101 4
3102 4
3103 3
3104 6
3105 3
3106 3
3107 3
3108 None
3109 6
3110 4
3111 5
3112 5
3113 4
3114 3
3115 None
3116 2
3117 None
3118 2
3119 4
3120 4
3121 4
3122 6
3123 6
3124 10
3125 4
3126 2
3127 None
3128 4
3129 None
3130 3
3131 4
3132 5
3133 4
3134 None
3135 None
3136 3
3137 5
3138 3
3139 6
3140 4
3141 5
3142 5
3143 7
3144 3
3145 3
3146 6
3147 5
3148 8
3149 5
3150 4
3151 None
3152 5
3153 4
3154 6
3155 4
3156 2
3157 3
3158 None
3159 4
3160 4
3161 3
3162 3
3163 3
3164 4
3165 5
3166 4
3167 3
3168 4
3169 4
3170 3
3171 6
3172 4
3173 3
3174 2
3175 5
3176 3
3177 7
3178 3
3179 4
3180 5
3181 3
3182 None
3183 4
3184 2
3185 4
3186 None
3187 4
3188 4
3189 3
3190 3
3191 4
3192 None
3193 4
3194 6
3195 5
3196 3
3197 5
3198 4
3199 4
3200 4
3201 5
3202 3
3203 4
3204 4
3205 3
3206 2
3207 5
3208 6
3209 4
3210 2
3211 3
3212 None
3213 4
3214 5
3215 2
3216 4
3217 None
3218 None
3219 4
3220 4
3221 None
3222 3
3223 5
3224 3
3225 3
3226 3
3227 None
3228 6
3229 5
3230 None
3231 None
3232 5
3233 7
3234 3
3235 4
3236 2
3237 4
3238 3
3239 None
3240 4
3241 4
3242 3
3243 5
3244 4
3245 None
3246 3
3247 4
3248 5
3249 None
3250 3
3251 4
3252 4
3253 None
3254 None
3255 5
3256 4
3257 4
3258 4
3259 None
3260 4
3261 6
3262 5
3263 3
3264 5
3265 None
3266 3
3267 3
3268 5
3269 2
3270 None
3271 5
3272 6
3273 3
3274 4
3275 None
3276 4
3277 5
3278 3
3279 6
3280 4
3281 4
3282 None
3283 None
3284 None
3285 None
3286 None
3287 None
3288 6
3289 6
3290 None
3291 3
3292 5
3293 4
3294 3
3295 None
3296 None
3297 None
3298 4
3299 3
3300 5
3301 5
3302 None
3303 None
3304 None
3305 5
3306 None
3307 3
3308 4
3309 5
3310 4
3311 5
3312 4
3313 None
3314 4
3315 4
3316 6
3317 None
3318 3
3319 None
3320 5
3321 10
3322 4
3323 4
3324 6
3325 3
3326 3
3327 4
3328 3
3329 4
3330 2
3331 3
3332 None
3333 4
3334 7
3335 5
3336 None
3337 4
3338 6
3339 None
3340 4
3341 4
3342 2
3343 5
3344 4
3345 None
3346 5
3347 2
3348 4
3349 None
3350 5
3351 4
3352 5
3353 4
3354 9
3355 3
3356 4
3357 3
3358 8
3359 5
3360 5
3361 7
3362 3
3363 3
3364 None
3365 4
3366 4
3367 4
3368 5
3369 4
3370 5
3371 5
3372 None
3373 4
3374 6
3375 None
3376 7
3377 6
3378 None
3379 4
3380 4
3381 None
3382 None
3383 6
3384 6
3385 4
3386 5
3387 3
3388 4
3389 None
3390 4
3391 5
3392 None
3393 4
3394 None
3395 3
3396 4
3397 None
3398 4
3399 4
3400 None
3401 4
3402 3
3403 5
3404 5
3405 None
3406 2
3407 None
3408 None
3409 4
3410 4
3411 3
3412 6
3413 5
3414 4
3415 4
3416 3
3417 5
3418 6
3419 3
3420 5
3421 5
3422 4
3423 3
3424 5
3425 5
3426 None
3427 3
3428 5
3429 4
3430 None
3431 3
3432 4
3433 4
3434 4
3435 2
3436 4
3437 6
3438 4
3439 None
3440 3
3441 1
3442 None
3443 3
3444 6
3445 4
3446 4
3447 3
3448 4
3449 3
3450 5
3451 6
3452 None
3453 4
3454 4
3455 None
3456 3
3457 4
3458 3
3459 4
3460 6
3461 3
3462 4
3463 4
3464 4
3465 None
3466 None
3467 6
3468 5
3469 7
3470 None
3471 3
3472 3
3473 2
3474 None
3475 3
3476 5
3477 4
3478 5
3479 5
3480 4
3481 3
3482 None
3483 5
3484 4
3485 None
3486 3
3487 4
3488 None
3489 None
3490 6
3491 1
3492 None
3493 6
3494 5
3495 None
3496 3
3497 5
3498 4
3499 3
3500 3
3501 5
3502 None
3503 4
3504 5
3505 4
3506 3
3507 4
3508 None
3509 4
3510 3
3511 4
3512 None
3513 3
3514 4
3515 4
3516 4
3517 4
3518 None
3519 3
3520 4
3521 5
3522 3
3523 None
3524 2
3525 5
3526 5
3527 None
3528 5
3529 None
3530 5
3531 4
3532 None
3533 4
3534 4
3535 4
3536 3
3537 4
3538 3
3539 3
3540 4
3541 4
3542 2
3543 5
3544 None
3545 5
3546 3
3547 5
3548 5
3549 4
3550 4
3551 None
3552 2
3553 3
3554 2
3555 4
3556 3
3557 None
3558 7
3559 5
3560 3
3561 3
3562 None
3563 4
3564 3
3565 4
3566 5
3567 4
3568 3
3569 5
3570 5
3571 5
3572 5
3573 4
3574 6
3575 3
3576 None
3577 4
3578 3
3579 3
3580 3
3581 3
3582 4
3583 5
3584 5
3585 3
3586 4
3587 4
3588 8
3589 5
3590 4
3591 6
3592 5
3593 4
3594 8
3595 3
3596 5
3597 4
3598 5
3599 4
3600 None
3601 4
3602 5
3603 4
3604 5
3605 4
3606 3
3607 4
3608 2
3609 3
3610 None
3611 5
3612 None
3613 4
3614 None
3615 4
3616 4
3617 4
3618 3
3619 3
3620 2
3621 2
3622 None
3623 None
3624 4
3625 4
3626 4
3627 6
3628 3
3629 5
3630 4
3631 5
3632 5
3633 9
3634 5
3635 5
3636 5
3637 4
3638 3
3639 1
3640 4
3641 4
3642 5
3643 2
3644 5
3645 5
3646 5
3647 3
3648 3
3649 None
3650 4
3651 4
3652 None
3653 None
3654 3
3655 5
3656 3
3657 4
3658 5
3659 3
3660 4
3661 6
3662 4
3663 5
3664 4
3665 5
3666 5
3667 4
3668 3
3669 5
3670 6
3671 5
3672 3
3673 2
3674 2
3675 4
3676 3
3677 6
3678 None
3679 6
3680 4
3681 8
3682 3
3683 7
3684 None
3685 None
3686 None
3687 None
3688 None
3689 4
3690 4
3691 5
3692 3
3693 4
3694 5
3695 3
3696 4
3697 5
3698 4
3699 4
3700 3
3701 5
3702 3
3703 4
3704 None
3705 None
3706 None
3707 None
3708 3
3709 None
3710 None
3711 None
3712 None
3713 None
3714 3
3715 5
3716 3
3717 4
3718 4
3719 6
3720 4
3721 4
3722 5
3723 4
3724 4
3725 None
3726 3
3727 4
3728 None
3729 4
3730 4
3731 6
3732 4
3733 4
3734 2
3735 None
3736 6
3737 2
3738 4
3739 4
3740 5
3741 5
3742 4
3743 4
3744 3
3745 None
3746 4
3747 4
3748 None
3749 2
3750 5
3751 None
3752 4
3753 None
3754 5
3755 5
3756 None
3757 4
3758 4
3759 8
3760 5
3761 9
3762 None
3763 None
3764 4
3765 4
3766 3
3767 4
3768 4
3769 4
3770 4
3771 None
3772 3
3773 3
3774 4
3775 4
3776 5
3777 3
3778 5
3779 3
3780 None
3781 5
3782 4
3783 5
3784 2
3785 5
3786 3
3787 5
3788 4
3789 4
3790 5
3791 None
3792 None
3793 3
3794 4
3795 5
3796 4
3797 None
3798 None
3799 None
3800 4
3801 4
3802 None
3803 4
3804 4
3805 4
3806 None
3807 6
3808 3
3809 5
3810 4
3811 3
3812 3
3813 5
3814 2
3815 4
3816 4
3817 4
3818 4
3819 4
3820 None
3821 6
3822 4
3823 5
3824 4
3825 3
3826 6
3827 None
3828 4
3829 None
3830 None
3831 None
3832 4
3833 None
3834 3
3835 3
3836 None
3837 None
3838 3
3839 3
3840 4
3841 4
3842 5
3843 4
3844 3
3845 4
3846 6
3847 4
3848 None
3849 4
3850 None
3851 None
3852 4
3853 3
3854 None
3855 None
3856 3
3857 3
3858 9
3859 5
3860 3
3861 3
3862 4
3863 5
3864 9
3865 4
3866 4
3867 2
3868 5
3869 None
3870 5
3871 None
3872 4
3873 4
3874 None
3875 4
3876 2
3877 4
3878 None
3879 4
3880 4
3881 4
3882 None
3883 4
3884 4
3885 3
3886 5
3887 3
3888 4
3889 4
3890 5
3891 7
3892 3
3893 4
3894 4
3895 2
3896 4
3897 3
3898 5
3899 3
3900 4
3901 3
3902 5
3903 None
3904 None
3905 None
3906 6
3907 5
3908 4
3909 None
3910 None
3911 4
3912 4
3913 None
3914 None
3915 5
3916 7
3917 None
3918 6
3919 4
3920 5
3921 4
3922 3
3923 6
3924 5
3925 2
3926 None
3927 None
3928 4
3929 4
3930 4
3931 None
3932 None
3933 4
3934 4
3935 4
3936 5
3937 5
3938 5
3939 5
3940 1
3941 4
3942 4
3943 2
3944 4
3945 5
3946 4
3947 4
3948 7
3949 4
3950 3
3951 4
3952 None
3953 5
3954 2
3955 3
3956 4
3957 None
3958 7
3959 None
3960 5
3961 None
3962 3
3963 2
3964 None
3965 None
3966 6
3967 None
3968 4
3969 4
3970 4
3971 4
3972 None
3973 4
3974 8
3975 4
3976 None
3977 4
3978 4
3979 3
3980 5
3981 7
3982 4
3983 None
3984 6
3985 3
3986 4
3987 6
3988 3
3989 None
3990 5
3991 3
3992 None
3993 None
3994 5
3995 None
3996 5
3997 None
3998 3
3999 5
4000 5
4001 5
4002 4
4003 4
4004 None
4005 None
4006 3
4007 2
4008 None
4009 4
4010 3
4011 4
4012 3
4013 None
4014 4
4015 None
4016 4
4017 5
4018 5
4019 5
4020 4
4021 4
4022 5
4023 3
4024 4
4025 3
4026 6
4027 None
4028 None
4029 5
4030 4
4031 None
4032 4
4033 4
4034 6
4035 5
4036 4
4037 6
4038 3
4039 4
4040 3
4041 None
4042 3
4043 None
4044 4
4045 4
4046 6
4047 4
4048 5
4049 2
4050 4
4051 4
4052 3
4053 4
4054 3
4055 3
4056 3
4057 5
4058 None
4059 4
4060 None
4061 None
4062 3
4063 None
4064 5
4065 None
4066 4
4067 4
4068 4
4069 4
4070 3
4071 5
4072 6
4073 2
4074 4
4075 4
4076 4
4077 6
4078 5
4079 None
4080 4
4081 6
4082 5
4083 3
4084 8
4085 3
4086 4
4087 None
4088 5
4089 3
4090 6
4091 3
4092 4
4093 5
4094 3
4095 4
4096 4
4097 None
4098 4
4099 None
4100 5
4101 5
4102 4
4103 None
4104 6
4105 None
4106 3
4107 3
4108 4
4109 None
4110 7
4111 3
4112 4
4113 None
4114 None
4115 4
4116 4
4117 6
4118 4
4119 5
4120 None
4121 4
4122 4
4123 None
4124 4
4125 None
4126 4
4127 4
4128 5
4129 4
4130 4
4131 None
4132 4
4133 None
4134 None
4135 4
4136 5
4137 5
4138 3
4139 None
4140 3
4141 None
4142 6
4143 4
4144 5
4145 4
4146 4
4147 4
4148 None
4149 6
4150 4
4151 3
4152 None
4153 5
4154 4
4155 None
4156 None
4157 3
4158 6
4159 3
4160 None
4161 5
4162 4
4163 4
4164 4
4165 4
4166 5
4167 5
4168 None
4169 4
4170 4
4171 4
4172 4
4173 4
4174 5
4175 4
4176 4
4177 4
4178 3
4179 4
4180 6
4181 4
4182 None
4183 5
4184 4
4185 4
4186 None
4187 2
4188 4
4189 3
4190 4
4191 4
4192 3
4193 5
4194 6
4195 None
4196 4
4197 5
4198 None
4199 5
4200 None
4201 4
4202 None
4203 4
4204 5
4205 3
4206 None
4207 4
4208 5
4209 None
4210 5
4211 5
4212 4
4213 3
4214 4
4215 5
4216 4
4217 5
4218 5
4219 None
4220 5
4221 None
4222 4
4223 4
4224 None
4225 6
4226 5
4227 4
4228 4
4229 4
4230 3
4231 None
4232 None
4233 4
4234 4
4235 4
4236 6
4237 4
4238 8
4239 4
4240 2
4241 4
4242 None
4243 None
4244 8
4245 5
4246 None
4247 4
4248 4
4249 4
4250 5
4251 4
4252 None
4253 4
4254 None
4255 6
4256 None
4257 3
4258 None
4259 2
4260 3
4261 3
4262 3
4263 5
4264 4
4265 None
4266 3
4267 None
4268 4
4269 3
4270 None
4271 6
4272 None
4273 4
4274 4
4275 5
4276 5
4277 3
4278 3
4279 4
4280 4
4281 6
4282 None
4283 4
4284 5
4285 9
4286 4
4287 3
4288 7
4289 4
4290 None
4291 None
4292 5
4293 5
4294 5
4295 6
4296 6
4297 5
4298 5
4299 6
4300 3
4301 6
4302 5
4303 5
4304 4
4305 4
4306 4
4307 6
4308 4
4309 5
4310 None
4311 3
4312 5
4313 5
4314 2
4315 None
4316 4
4317 5
4318 4
4319 5
4320 4
4321 6
4322 3
4323 4
4324 None
4325 8
4326 None
4327 7
4328 None
4329 4
4330 5
4331 4
4332 None
4333 5
4334 4
4335 3
4336 6
4337 4
4338 5
4339 None
4340 6
4341 6
4342 5
4343 3
4344 None
4345 4
4346 None
4347 4
4348 None
4349 6
4350 3
4351 2
4352 3
4353 4
4354 5
4355 6
4356 6
4357 3
4358 4
4359 3
4360 None
4361 None
4362 4
4363 4
4364 None
4365 2
4366 5
4367 3
4368 4
4369 3
4370 None
4371 5
4372 4
4373 5
4374 None
4375 4
4376 1
4377 3
4378 4
4379 3
4380 4
4381 3
4382 4
4383 5
4384 None
4385 4
4386 4
4387 2
4388 None
4389 5
4390 4
4391 None
4392 3
4393 5
4394 3
4395 2
4396 4
4397 None
4398 4
4399 4
4400 7
4401 3
4402 6
4403 None
4404 5
4405 6
4406 4
4407 4
4408 4
4409 2
4410 3
4411 None
4412 None
4413 4
4414 3
4415 4
4416 4
4417 3
4418 5
4419 4
4420 4
4421 None
4422 6
4423 4
4424 None
4425 None
4426 None
4427 3
4428 None
4429 7
4430 5
4431 5
4432 5
4433 3
4434 4
4435 6
4436 7
4437 4
4438 3
4439 None
4440 5
4441 4
4442 4
4443 3
4444 4
4445 None
4446 4
4447 4
4448 4
4449 5
4450 4
4451 3
4452 2
4453 3
4454 4
4455 4
4456 5
4457 6
4458 4
4459 5
4460 4
4461 5
4462 None
4463 None
4464 5
4465 5
4466 None
4467 4
4468 None
4469 6
4470 4
4471 4
4472 4
4473 5
4474 5
4475 5
4476 4
4477 None
4478 5
4479 None
4480 3
4481 4
4482 4
4483 5
4484 6
4485 5
4486 3
4487 4
4488 None
4489 3
4490 3
4491 3
4492 5
4493 7
4494 3
4495 4
4496 3
4497 3
4498 5
4499 4
4500 3
4501 4
4502 3
4503 4
4504 None
4505 5
4506 4
4507 None
4508 None
4509 4
4510 6
4511 None
4512 4
4513 4
4514 3
4515 None
4516 None
4517 3
4518 3
4519 4
4520 None
4521 5
4522 6
4523 5
4524 4
4525 4
4526 4
4527 None
4528 None
4529 6
4530 5
4531 6
4532 5
4533 None
4534 6
4535 4
4536 None
4537 3
4538 3
4539 4
4540 None
4541 None
4542 5
4543 3
4544 5
4545 3
4546 3
4547 2
4548 2
4549 4
4550 5
4551 3
4552 4
4553 5
4554 5
4555 3
4556 3
4557 6
4558 4
4559 5
4560 5
4561 4
4562 5
4563 None
4564 None
4565 4
4566 4
4567 4
4568 4
4569 3
4570 None
4571 3
4572 2
4573 4
4574 6
4575 4
4576 None
4577 4
4578 4
4579 5
4580 4
4581 5
4582 4
4583 4
4584 4
4585 None
4586 6
4587 3
4588 6
4589 None
4590 4
4591 5
4592 5
4593 3
4594 5
4595 4
4596 3
4597 4
4598 None
4599 4
4600 4
4601 5
4602 None
4603 5
4604 6
4605 3
4606 3
4607 4
4608 4
4609 6
4610 3
4611 3
4612 3
4613 4
4614 5
4615 6
4616 4
4617 6
4618 3
4619 None
4620 4
4621 3
4622 None
4623 3
4624 5
4625 4
4626 6
4627 4
4628 4
4629 None
4630 None
4631 2
4632 None
4633 3
4634 3
4635 6
4636 4
4637 3
4638 4
4639 None
4640 6
4641 4
4642 4
4643 5
4644 None
4645 7
4646 3
4647 None
4648 4
4649 6
4650 None
4651 None
4652 None
4653 3
4654 4
4655 None
4656 5
4657 4
4658 4
4659 4
4660 4
4661 5
4662 7
4663 6
4664 None
4665 4
4666 4
4667 3
4668 8
4669 4
4670 3
4671 5
4672 None
4673 5
4674 None
4675 5
4676 3
4677 1
4678 3
4679 None
4680 3
4681 None
4682 4
4683 None
4684 4
4685 4
4686 6
4687 6
4688 4
4689 5
4690 4
4691 8
4692 4
4693 5
4694 6
4695 3
4696 4
4697 5
4698 None
4699 8
4700 4
4701 5
4702 4
4703 3
4704 3
4705 4
4706 None
4707 4
4708 5
4709 4
4710 None
4711 5
4712 3
4713 None
4714 4
4715 7
4716 5
4717 3
4718 3
4719 4
4720 4
4721 None
4722 7
4723 None
4724 3
4725 5
4726 6
4727 5
4728 4
4729 None
4730 None
4731 8
4732 4
4733 5
4734 2
4735 4
4736 4
4737 4
4738 3
4739 None
4740 4
4741 None
4742 None
4743 3
4744 3
4745 4
4746 5
4747 None
4748 5
4749 4
4750 4
4751 3
4752 None
4753 4
4754 4
4755 None
4756 4
4757 4
4758 6
4759 3
4760 5
4761 5
4762 None
4763 3
4764 4
4765 7
4766 None
4767 5
4768 4
4769 4
4770 5
4771 3
4772 None
4773 4
4774 4
4775 None
4776 3
4777 7
4778 4
4779 4
4780 4
4781 None
4782 5
4783 4
4784 4
4785 None
4786 4
4787 3
4788 5
4789 None
4790 4
4791 4
4792 5
4793 None
4794 4
4795 3
4796 6
4797 5
4798 4
4799 6
4800 3
4801 5
4802 None
4803 3
4804 None
4805 None
4806 3
4807 4
4808 6
4809 3
4810 4
4811 4
4812 5
4813 5
4814 4
4815 5
4816 5
4817 None
4818 None
4819 3
4820 4
4821 5
4822 8
4823 None
4824 None
4825 2
4826 6
4827 5
4828 7
4829 None
4830 None
4831 5
4832 None
4833 4
4834 4
4835 4
4836 None
4837 None
4838 None
4839 None
4840 None
4841 None
4842 3
4843 None
4844 5
4845 5
4846 3
4847 3
4848 None
4849 4
4850 5
4851 7
4852 5
4853 3
4854 7
4855 4
4856 3
4857 4
4858 4
4859 3
4860 4
4861 1
4862 3
4863 4
4864 3
4865 None
4866 5
4867 4
4868 4
4869 3
4870 5
4871 None
4872 5
4873 7
4874 3
4875 3
4876 5
4877 3
4878 4
4879 5
4880 4
4881 3
4882 4
4883 4
4884 4
4885 5
4886 None
4887 4
4888 None
4889 None
4890 5
4891 5
4892 3
4893 3
4894 None
4895 6
4896 3
4897 7
4898 5
4899 4
4900 2
4901 None
4902 5
4903 4
4904 4
4905 4
4906 5
4907 2
4908 3
4909 None
4910 3
4911 3
4912 3
4913 2
4914 3
4915 2
4916 4
4917 2
4918 4
4919 4
4920 4
4921 5
4922 4
4923 4
4924 4
4925 6
4926 5
4927 None
4928 7
4929 7
4930 6
4931 6
4932 5
4933 5
4934 5
4935 6
4936 5
4937 5
4938 5
4939 4
4940 4
4941 4
4942 5
4943 4
4944 None
4945 None
4946 None
4947 5
4948 5
4949 5
4950 4
4951 None
4952 4
4953 3
4954 2
4955 6
4956 4
4957 5
4958 None
4959 None
4960 4
4961 7
4962 5
4963 2
4964 5
4965 3
4966 2
4967 2
4968 None
4969 3
4970 5
4971 None
4972 5
4973 None
4974 3
4975 4
4976 3
4977 None
4978 3
4979 5
4980 5
4981 5
4982 None
4983 None
4984 3
4985 None
4986 6
4987 None
4988 6
4989 3
4990 None
4991 7
4992 4
4993 7
4994 3
4995 4
4996 4
4997 None
4998 4
4999 5
5000 None
5001 4
5002 None
5003 4
5004 5
5005 4
5006 5
5007 None
5008 4
5009 6
5010 4
5011 None
5012 4
5013 None
5014 5
5015 None
5016 3
5017 2
5018 7
5019 None
5020 4
5021 None
5022 None
5023 4
5024 None
5025 3
5026 None
5027 None
5028 4
5029 None
5030 3
5031 5
5032 3
5033 4
5034 None
5035 5
5036 None
5037 4
5038 4
5039 5
5040 4
5041 None
5042 None
5043 None
5044 6
5045 5
5046 1
5047 6
5048 4
5049 5
5050 5
5051 3
5052 4
5053 None
5054 None
5055 4
5056 5
5057 5
5058 5
5059 7
5060 5
5061 6
5062 4
5063 4
5064 None
5065 3
5066 3
5067 4
5068 5
5069 None
5070 3
5071 4
5072 None
5073 3
5074 4
5075 6
5076 4
5077 3
5078 3
5079 None
5080 5
5081 None
5082 6
5083 4
5084 None
5085 None
5086 5
5087 4
5088 4
5089 4
5090 5
5091 4
5092 4
5093 7
5094 4
5095 3
5096 4
5097 4
5098 4
5099 5
5100 2
5101 5
5102 7
5103 2
5104 5
5105 2
5106 None
5107 4
5108 None
5109 3
5110 3
5111 3
5112 7
5113 4
5114 5
5115 5
5116 None
5117 None
5118 2
5119 4
5120 4
5121 6
5122 4
5123 5
5124 6
5125 5
5126 4
5127 7
5128 3
5129 None
5130 5
5131 5
5132 None
5133 None
5134 7
5135 4
5136 5
5137 3
5138 6
5139 5
5140 3
5141 5
5142 None
5143 4
5144 6
5145 None
5146 5
5147 5
5148 7
5149 6
5150 5
5151 4
5152 4
5153 4
5154 5
5155 5
5156 5
5157 None
5158 4
5159 4
5160 5
5161 5
5162 5
5163 None
5164 3
5165 4
5166 None
5167 4
5168 None
5169 None
5170 4
5171 3
5172 None
5173 5
5174 None
5175 None
5176 3
5177 5
5178 4
5179 None
5180 4
5181 None
5182 None
5183 None
5184 None
5185 4
5186 None
5187 4
5188 None
5189 None
5190 4
5191 None
5192 5
5193 5
5194 4
5195 None
5196 5
5197 4
5198 None
5199 2
5200 3
5201 1
5202 None
5203 None
5204 6
5205 6
5206 3
5207 5
5208 6
5209 None
5210 None
5211 4
5212 5
5213 5
5214 4
5215 None
5216 4
5217 6
5218 5
5219 4
5220 4
5221 5
5222 None
5223 2
5224 6
5225 4
5226 4
5227 None
5228 5
5229 3
5230 3
5231 4
5232 3
5233 None
5234 4
5235 None
5236 4
5237 None
5238 4
5239 5
5240 4
5241 None
5242 5
5243 4
5244 5
5245 4
5246 None
5247 4
5248 4
5249 5
5250 6
5251 2
5252 None
5253 3
5254 2
5255 None
5256 5
5257 3
5258 None
5259 4
5260 4
5261 4
5262 None
5263 4
5264 None
5265 3
5266 4
5267 5
5268 6
5269 4
5270 None
5271 None
5272 None
5273 3
5274 3
5275 4
5276 None
5277 4
5278 7
5279 4
5280 3
5281 8
5282 None
5283 4
5284 2
5285 5
5286 4
5287 None
5288 5
5289 5
5290 2
5291 None
5292 5
5293 5
5294 None
5295 3
5296 6
5297 None
5298 3
5299 3
5300 3
5301 4
5302 6
5303 3
5304 7
5305 3
5306 4
5307 4
5308 4
5309 4
5310 None
5311 4
5312 3
5313 4
5314 4
5315 3
5316 None
5317 3
5318 3
5319 4
5320 None
5321 4
5322 3
5323 8
5324 7
5325 3
5326 4
5327 4
5328 4
5329 4
5330 None
5331 7
5332 3
5333 6
5334 4
5335 4
5336 6
5337 5
5338 None
5339 4
5340 4
5341 3
5342 6
5343 None
5344 None
5345 7
5346 3
5347 None
5348 4
5349 4
5350 None
5351 3
5352 None
5353 8
5354 5
5355 None
5356 2
5357 None
5358 3
5359 5
5360 2
5361 3
5362 4
5363 6
5364 5
5365 6
5366 4
5367 3
5368 5
5369 3
5370 None
5371 None
5372 2
5373 None
5374 7
5375 4
5376 4
5377 4
5378 5
5379 3
5380 6
5381 4
5382 4
5383 4
5384 3
5385 6
5386 4
5387 5
5388 None
5389 4
5390 5
5391 4
5392 5
5393 None
5394 3
5395 4
5396 3
5397 5
5398 3
5399 None
5400 2
5401 5
5402 3
5403 5
5404 4
5405 2
5406 6
5407 3
5408 None
5409 5
5410 3
5411 5
5412 4
5413 3
5414 3
5415 5
5416 3
5417 4
5418 5
5419 6
5420 3
5421 4
5422 4
5423 3
5424 None
5425 5
5426 5
5427 3
5428 4
5429 4
5430 4
5431 6
5432 None
5433 5
5434 4
5435 None
5436 4
5437 6
5438 4
5439 4
5440 None
5441 None
5442 5
5443 5
5444 6
5445 4
5446 4
5447 None
5448 None
5449 5
5450 4
5451 None
5452 None
5453 6
5454 6
5455 4
5456 3
5457 5
5458 2
5459 6
5460 None
5461 7
5462 None
5463 5
5464 7
5465 4
5466 3
5467 5
5468 4
5469 None
5470 5
5471 4
5472 4
5473 4
5474 3
5475 3
5476 4
5477 4
5478 5
5479 5
5480 4
5481 5
5482 8
5483 3
5484 5
5485 6
5486 4
5487 4
5488 7
5489 None
5490 4
5491 None
5492 3
5493 2
5494 3
5495 4
5496 4
5497 None
5498 5
5499 4
5500 5
5501 5
5502 None
5503 5
5504 3
5505 3
5506 5
5507 4
5508 5
5509 None
5510 5
5511 4
5512 3
5513 5
5514 6
5515 None
5516 4
5517 3
5518 None
5519 5
5520 None
5521 5
5522 6
5523 4
5524 3
5525 None
5526 2
5527 4
5528 None
5529 5
5530 5
5531 4
5532 4
5533 5
5534 5
5535 5
5536 None
5537 5
5538 None
5539 5
5540 2
5541 None
5542 4
5543 None
5544 4
5545 4
5546 5
5547 5
5548 4
5549 4
5550 5
5551 3
5552 3
5553 2
5554 5
5555 3
5556 4
5557 None
5558 7
5559 5
5560 6
5561 5
5562 None
5563 4
5564 6
5565 None
5566 None
5567 6
5568 5
5569 4
5570 4
5571 4
5572 4
5573 3
5574 2
5575 5
5576 6
5577 None
5578 3
5579 6
5580 3
5581 4
5582 3
5583 4
5584 3
5585 None
5586 5
5587 6
5588 4
5589 5
5590 None
5591 5
5592 2
5593 None
5594 5
5595 4
5596 6
5597 6
5598 4
5599 6
5600 5
5601 8
5602 4
5603 11
5604 5
5605 None
5606 5
5607 4
5608 3
5609 5
5610 3
5611 4
5612 2
5613 8
5614 3
5615 3
5616 5
5617 None
5618 None
5619 None
5620 None
5621 4
5622 5
5623 6
5624 4
5625 None
5626 None
5627 4
5628 3
5629 3
5630 5
5631 4
5632 5
5633 4
5634 4
5635 3
5636 None
5637 4
5638 6
5639 4
5640 7
5641 5
5642 None
5643 4
5644 5
5645 None
5646 None
5647 3
5648 4
5649 4
5650 9
5651 4
5652 3
5653 5
5654 4
5655 4
5656 6
5657 3
5658 4
5659 None
5660 4
5661 None
5662 None
5663 5
5664 4
5665 4
5666 5
5667 5
5668 None
5669 4
5670 None
5671 7
5672 5
5673 5
5674 None
5675 6
5676 4
5677 5
5678 4
5679 9
5680 6
5681 4
5682 8
5683 None
5684 None
5685 3
5686 None
5687 3
5688 4
5689 3
5690 3
5691 3
5692 4
5693 5
5694 None
5695 None
5696 None
5697 None
5698 5
5699 5
5700 6
5701 4
5702 3
5703 None
5704 4
5705 3
5706 None
5707 5
5708 5
5709 4
5710 None
5711 5
5712 None
5713 None
5714 4
5715 4
5716 None
5717 4
5718 4
5719 4
5720 5
5721 None
5722 4
5723 3
5724 3
5725 4
5726 4
5727 3
5728 4
5729 None
5730 5
5731 4
5732 4
5733 4
5734 None
5735 4
5736 5
5737 5
5738 3
5739 4
5740 8
5741 5
5742 3
5743 5
5744 4
5745 5
5746 None
5747 None
5748 6
5749 5
5750 3
5751 4
5752 5
5753 5
5754 3
5755 3
5756 6
5757 6
5758 4
5759 4
5760 None
5761 4
5762 None
5763 None
5764 None
5765 None
5766 7
5767 2
5768 6
5769 4
5770 None
5771 5
5772 None
5773 5
5774 None
5775 None
5776 None
5777 None
5778 2
5779 7
5780 4
5781 5
5782 4
5783 None
5784 4
5785 4
5786 5
5787 5
5788 4
5789 None
5790 4
5791 4
5792 6
5793 4
5794 None
5795 4
5796 4
5797 4
5798 2
5799 6
5800 None
5801 4
5802 3
5803 4
5804 5
5805 6
5806 8
5807 3
5808 None
5809 5
5810 6
5811 4
5812 4
5813 5
5814 4
5815 5
5816 4
5817 5
5818 None
5819 None
5820 4
5821 3
5822 5
5823 4
5824 5
5825 5
5826 4
5827 4
5828 5
5829 5
5830 3
5831 4
5832 6
5833 4
5834 None
5835 None
5836 None
5837 3
5838 4
5839 3
5840 3
5841 5
5842 4
5843 4
5844 None
5845 3
5846 4
5847 None
5848 3
5849 3
5850 None
5851 3
5852 5
5853 7
5854 5
5855 None
5856 4
5857 7
5858 4
5859 5
5860 5
5861 4
5862 7
5863 None
5864 3
5865 3
5866 6
5867 None
5868 4
5869 4
5870 4
5871 None
5872 4
5873 6
5874 3
5875 None
5876 None
5877 5
5878 5
5879 None
5880 6
5881 4
5882 3
5883 3
5884 4
5885 None
5886 None
5887 4
5888 4
5889 4
5890 None
5891 None
5892 None
5893 4
5894 3
5895 None
5896 5
5897 3
5898 4
5899 3
5900 3
5901 None
5902 2
5903 6
5904 4
5905 None
5906 3
5907 6
5908 4
5909 4
5910 None
5911 4
5912 4
5913 2
5914 None
5915 4
5916 None
5917 3
5918 None
5919 4
5920 4
5921 None
5922 None
5923 2
5924 None
5925 None
5926 5
5927 None
5928 4
5929 6
5930 6
5931 7
5932 4
5933 4
5934 4
5935 4
5936 5
5937 5
5938 3
5939 None
5940 4
5941 6
5942 5
5943 3
5944 None
5945 3
5946 4
5947 None
5948 4
5949 5
5950 4
5951 2
5952 5
5953 2
5954 None
5955 4
5956 4
5957 None
5958 3
5959 3
5960 None
5961 5
5962 6
5963 4
5964 None
5965 None
5966 None
5967 4
5968 5
5969 3
5970 5
5971 None
5972 5
5973 4
5974 4
5975 5
5976 4
5977 None
5978 3
5979 None
5980 3
5981 4
5982 7
5983 5
5984 3
5985 None
5986 3
5987 4
5988 3
5989 None
5990 6
5991 4
5992 6
5993 None
5994 6
5995 2
5996 3
5997 5
5998 None
5999 5
6000 None
6001 4
6002 7
6003 4
6004 4
6005 3
6006 4
6007 4
6008 4
6009 5
6010 None
6011 None
6012 6
6013 4
6014 2
6015 4
6016 4
6017 None
6018 4
6019 None
6020 4
6021 4
6022 6
6023 4
6024 7
6025 None
6026 5
6027 4
6028 3
6029 4
6030 7
6031 5
6032 4
6033 None
6034 3
6035 5
6036 6
6037 4
6038 6
6039 None
6040 5
6041 5
6042 4
6043 None
6044 3
6045 None
6046 5
6047 6
6048 3
6049 3
6050 4
6051 3
6052 4
6053 4
6054 4
6055 4
6056 4
6057 5
6058 3
6059 4
6060 7
6061 None
6062 4
6063 4
6064 3
6065 5
6066 5
6067 5
6068 4
6069 5
6070 5
6071 None
6072 5
6073 3
6074 4
6075 None
6076 3
6077 3
6078 None
6079 5
6080 3
6081 5
6082 5
6083 5
6084 5
6085 None
6086 5
6087 4
6088 5
6089 4
6090 None
6091 4
6092 6
6093 5
6094 None
6095 None
6096 4
6097 None
6098 3
6099 3
6100 None
6101 5
6102 6
6103 None
6104 4
6105 2
6106 5
6107 None
6108 4
6109 8
6110 None
6111 5
6112 4
6113 None
6114 6
6115 None
6116 3
6117 6
6118 3
6119 4
6120 6
6121 None
6122 4
6123 4
6124 4
6125 4
6126 5
6127 None
6128 4
6129 None
6130 3
6131 3
6132 5
6133 2
6134 4
6135 5
6136 7
6137 3
6138 2
6139 None
6140 4
6141 5
6142 None
6143 4
6144 None
6145 4
6146 3
6147 5
6148 None
6149 2
6150 4
6151 5
6152 6
6153 6
6154 6
6155 5
6156 3
6157 5
6158 4
6159 6
6160 4
6161 6
6162 None
6163 5
6164 4
6165 1
6166 None
6167 4
6168 5
6169 4
6170 5
6171 2
6172 4
6173 4
6174 None
6175 4
6176 3
6177 None
6178 6
6179 3
6180 5
6181 5
6182 None
6183 None
6184 None
6185 3
6186 4
6187 8
6188 6
6189 3
6190 None
6191 3
6192 8
6193 4
6194 5
6195 4
6196 None
6197 4
6198 6
6199 5
6200 5
6201 5
6202 4
6203 3
6204 None
6205 5
6206 5
6207 5
6208 3
6209 4
6210 None
6211 4
6212 4
6213 4
6214 5
6215 5
6216 4
6217 None
6218 6
6219 3
6220 8
6221 4
6222 5
6223 5
6224 3
6225 4
6226 4
6227 5
6228 4
6229 5
6230 4
6231 6
6232 4
6233 None
6234 3
6235 4
6236 4
6237 5
6238 4
6239 5
6240 3
6241 5
6242 None
6243 5
6244 4
6245 3
6246 4
6247 4
6248 5
6249 None
6250 4
6251 1
6252 3
6253 5
6254 4
6255 3
6256 5
6257 None
6258 4
6259 5
6260 None
6261 None
6262 4
6263 5
6264 4
6265 5
6266 4
6267 4
6268 5
6269 4
6270 3
6271 5
6272 5
6273 3
6274 3
6275 4
6276 None
6277 3
6278 5
6279 2
6280 4
6281 4
6282 4
6283 None
6284 4
6285 None
6286 5
6287 3
6288 4
6289 4
6290 None
6291 3
6292 None
6293 4
6294 None
6295 4
6296 None
6297 5
6298 4
6299 5
6300 3
6301 5
6302 4
6303 2
6304 4
6305 None
6306 5
6307 7
6308 6
6309 5
6310 3
6311 4
6312 2
6313 4
6314 3
6315 None
6316 3
6317 None
6318 5
6319 4
6320 4
6321 5
6322 4
6323 4
6324 5
6325 4
6326 None
6327 None
6328 4
6329 None
6330 4
6331 5
6332 5
6333 4
6334 4
6335 4
6336 4
6337 4
6338 5
6339 3
6340 3
6341 4
6342 3
6343 None
6344 5
6345 None
6346 4
6347 2
6348 5
6349 4
6350 None
6351 5
6352 None
6353 5
6354 6
6355 4
6356 2
6357 4
6358 6
6359 4
6360 3
6361 None
6362 2
6363 None
6364 4
6365 None
6366 3
6367 None
6368 3
6369 4
6370 4
6371 None
6372 4
6373 None
6374 None
6375 None
6376 4
6377 None
6378 3
6379 3
6380 3
6381 4
6382 None
6383 None
6384 2
6385 5
6386 5
6387 6
6388 3
6389 6
6390 3
6391 6
6392 None
6393 None
6394 None
6395 4
6396 None
6397 3
6398 5
6399 4
6400 6
6401 4
6402 4
6403 None
6404 4
6405 None
6406 4
6407 None
6408 3
6409 4
6410 5
6411 None
6412 3
6413 None
6414 2
6415 None
6416 6
6417 6
6418 None
6419 3
6420 4
6421 None
6422 3
6423 5
6424 3
6425 4
6426 None
6427 4
6428 5
6429 3
6430 None
6431 6
6432 5
6433 6
6434 4
6435 5
6436 5
6437 5
6438 None
6439 4
6440 None
6441 None
6442 4
6443 None
6444 7
6445 4
6446 None
6447 6
6448 None
6449 None
6450 None
6451 5
6452 3
6453 4
6454 4
6455 5
6456 None
6457 None
6458 3
6459 3
6460 None
6461 None
6462 4
6463 8
6464 3
6465 4
6466 4
6467 4
6468 None
6469 4
6470 None
6471 None
6472 None
6473 4
6474 6
6475 4
6476 None
6477 4
6478 None
6479 4
6480 5
6481 7
6482 None
6483 3
6484 3
6485 3
6486 4
6487 5
6488 5
6489 4
6490 4
6491 4
6492 4
6493 3
6494 6
6495 4
6496 4
6497 4
6498 5
6499 4
6500 4
6501 3
6502 5
6503 None
6504 6
6505 4
6506 4
6507 4
6508 None
6509 4
6510 None
6511 None
6512 None
6513 7
6514 None
6515 4
6516 6
6517 4
6518 5
6519 5
6520 4
6521 3
6522 None
6523 5
6524 3
6525 4
6526 5
6527 5
6528 6
6529 4
6530 None
6531 7
6532 5
6533 None
6534 4
6535 None
6536 5
6537 None
6538 None
6539 None
6540 4
6541 4
6542 4
6543 5
6544 5
6545 5
6546 5
6547 3
6548 4
6549 4
6550 6
6551 6
6552 3
6553 3
6554 None
6555 None
6556 4
6557 None
6558 4
6559 5
6560 None
6561 2
6562 None
6563 6
6564 6
6565 5
6566 5
6567 3
6568 4
6569 4
6570 2
6571 None
6572 5
6573 None
6574 4
6575 5
6576 4
6577 4
6578 None
6579 3
6580 4
6581 4
6582 4
6583 5
6584 5
6585 None
6586 5
6587 6
6588 None
6589 4
6590 None
6591 3
6592 5
6593 3
6594 3
6595 3
6596 7
6597 5
6598 5
6599 None
6600 5
6601 4
6602 6
6603 None
6604 3
6605 2
6606 5
6607 3
6608 None
6609 None
6610 4
6611 5
6612 5
6613 5
6614 4
6615 4
6616 4
6617 6
6618 None
6619 5
6620 5
6621 5
6622 4
6623 3
6624 4
6625 2
6626 4
6627 4
6628 None
6629 3
6630 4
6631 4
6632 5
6633 1
6634 4
6635 4
6636 4
6637 4
6638 5
6639 6
6640 5
6641 3
6642 4
6643 5
6644 3
6645 3
6646 4
6647 4
6648 None
6649 4
6650 8
6651 4
6652 4
6653 4
6654 5
6655 5
6656 5
6657 None
6658 None
6659 None
6660 7
6661 3
6662 4
6663 5
6664 4
6665 4
6666 3
6667 5
6668 5
6669 None
6670 None
6671 4
6672 4
6673 7
6674 8
6675 4
6676 3
6677 None
6678 9
6679 None
6680 6
6681 None
6682 5
6683 5
6684 4
6685 7
6686 4
6687 5
6688 4
6689 None
6690 4
6691 6
6692 5
6693 5
6694 3
6695 6
6696 None
6697 7
6698 4
6699 4
6700 3
6701 4
6702 7
6703 None
6704 4
6705 5
6706 None
6707 3
6708 4
6709 5
6710 4
6711 3
6712 None
6713 6
6714 4
6715 4
6716 6
6717 2
6718 4
6719 None
6720 5
6721 8
6722 4
6723 5
6724 3
6725 4
6726 4
6727 3
6728 None
6729 None
6730 5
6731 4
6732 3
6733 5
6734 4
6735 5
6736 4
6737 5
6738 4
6739 4
6740 3
6741 5
6742 3
6743 4
6744 4
6745 4
6746 4
6747 4
6748 None
6749 6
6750 6
6751 None
6752 3
6753 3
6754 None
6755 5
6756 3
6757 5
6758 3
6759 4
6760 4
6761 6
6762 4
6763 3
6764 5
6765 6
6766 4
6767 4
6768 None
6769 3
6770 3
6771 6
6772 3
6773 3
6774 5
6775 3
6776 3
6777 None
6778 5
6779 2
6780 6
6781 None
6782 4
6783 None
6784 3
6785 4
6786 2
6787 5
6788 5
6789 4
6790 4
6791 4
6792 6
6793 7
6794 None
6795 None
6796 5
6797 4
6798 4
6799 5
6800 None
6801 3
6802 5
6803 3
6804 4
6805 3
6806 None
6807 7
6808 7
6809 6
6810 None
6811 3
6812 None
6813 5
6814 None
6815 4
6816 4
6817 2
6818 None
6819 None
6820 5
6821 6
6822 None
6823 4
6824 4
6825 6
6826 3
6827 4
6828 None
6829 6
6830 4
6831 None
6832 6
6833 4
6834 None
6835 None
6836 5
6837 5
6838 2
6839 4
6840 3
6841 5
6842 None
6843 4
6844 5
6845 5
6846 3
6847 3
6848 None
6849 5
6850 4
6851 None
6852 2
6853 5
6854 None
6855 7
6856 4
6857 5
6858 7
6859 5
6860 3
6861 5
6862 4
6863 6
6864 None
6865 None
6866 3
6867 3
6868 5
6869 4
6870 4
6871 3
6872 4
6873 3
6874 5
6875 None
6876 None
6877 4
6878 3
6879 6
6880 4
6881 6
6882 5
6883 4
6884 2
6885 None
6886 3
6887 2
6888 4
6889 4
6890 5
6891 4
6892 None
6893 4
6894 4
6895 4
6896 None
6897 4
6898 5
6899 4
6900 5
6901 4
6902 4
6903 5
6904 3
6905 4
6906 4
6907 5
6908 5
6909 None
6910 None
6911 3
6912 4
6913 6
6914 4
6915 4
6916 5
6917 4
6918 5
6919 None
6920 None
6921 4
6922 5
6923 4
6924 6
6925 None
6926 5
6927 5
6928 3
6929 5
6930 None
6931 4
6932 4
6933 None
6934 3
6935 4
6936 6
6937 None
6938 None
6939 5
6940 None
6941 None
6942 4
6943 4
6944 None
6945 6
6946 None
6947 3
6948 5
6949 4
6950 5
6951 5
6952 5
6953 None
6954 3
6955 5
6956 4
6957 None
6958 4
6959 None
6960 None
6961 5
6962 8
6963 5
6964 None
6965 None
6966 7
6967 4
6968 5
6969 4
6970 5
6971 None
6972 3
6973 5
6974 4
6975 6
6976 4
6977 4
6978 None
6979 8
6980 5
6981 None
6982 None
6983 4
6984 4
6985 5
6986 None
6987 4
6988 5
6989 5
6990 4
6991 4
6992 None
6993 4
6994 4
6995 None
6996 4
6997 5
6998 4
6999 4
7000 6
7001 4
7002 4
7003 3
7004 None
7005 4
7006 4
7007 6
7008 None
7009 4
7010 3
7011 4
7012 5
7013 None
7014 2
7015 None
7016 None
7017 4
7018 None
7019 5
7020 5
7021 None
7022 None
7023 4
7024 5
7025 3
7026 None
7027 4
7028 6
7029 None
7030 4
7031 3
7032 3
7033 None
7034 None
7035 None
7036 None
7037 4
7038 3
7039 5
7040 None
7041 None
7042 None
7043 5
7044 4
7045 5
7046 7
7047 4
7048 4
7049 5
7050 5
7051 3
7052 4
7053 None
7054 5
7055 5
7056 3
7057 4
7058 None
7059 5
7060 3
7061 3
7062 5
7063 3
7064 4
7065 5
7066 4
7067 None
7068 4
7069 5
7070 5
7071 4
7072 6
7073 5
7074 None
7075 None
7076 5
7077 5
7078 3
7079 3
7080 5
7081 5
7082 4
7083 None
7084 6
7085 8
7086 None
7087 5
7088 4
7089 5
7090 6
7091 None
7092 4
7093 3
7094 1
7095 None
7096 4
7097 4
7098 2
7099 5
7100 4
7101 4
7102 4
7103 None
7104 5
7105 4
7106 4
7107 None
7108 4
7109 None
7110 None
7111 None
7112 None
7113 4
7114 6
7115 4
7116 None
7117 4
7118 5
7119 4
7120 2
7121 4
7122 3
7123 None
7124 5
7125 3
7126 5
7127 6
7128 4
7129 None
7130 5
7131 2
7132 5
7133 3
7134 7
7135 None
7136 3
7137 5
7138 5
7139 None
7140 5
7141 None
7142 4
7143 4
7144 5
7145 4
7146 2
7147 5
7148 4
7149 None
7150 5
7151 4
7152 4
7153 None
7154 None
7155 5
7156 3
7157 3
7158 3
7159 5
7160 None
7161 None
7162 3
7163 3
7164 3
7165 5
7166 5
7167 6
7168 4
7169 3
7170 4
7171 6
7172 None
7173 4
7174 5
7175 None
7176 3
7177 None
7178 3
7179 None
7180 5
7181 None
7182 3
7183 4
7184 3
7185 5
7186 3
7187 3
7188 None
7189 4
7190 2
7191 5
7192 5
7193 None
7194 None
7195 5
7196 3
7197 4
7198 4
7199 4
7200 2
7201 4
7202 5
7203 4
7204 4
7205 6
7206 3
7207 6
7208 5
7209 5
7210 3
7211 4
7212 None
7213 2
7214 5
7215 None
7216 6
7217 None
7218 None
7219 3
7220 2
7221 7
7222 4
7223 None
7224 3
7225 None
7226 4
7227 None
7228 2
7229 3
7230 5
7231 None
7232 None
7233 5
7234 None
7235 3
7236 4
7237 None
7238 None
7239 4
7240 3
7241 6
7242 4
7243 4
7244 5
7245 3
7246 4
7247 5
7248 6
7249 None
7250 4
7251 3
7252 5
7253 None
7254 None
7255 None
7256 2
7257 4
7258 None
7259 None
7260 None
7261 None
7262 5
7263 None
7264 2
7265 4
7266 6
7267 5
7268 None
7269 4
7270 5
7271 5
7272 None
7273 6
7274 None
7275 3
7276 None
7277 4
7278 4
7279 None
7280 None
7281 4
7282 7
7283 None
7284 1
7285 3
7286 None
7287 6
7288 None
7289 4
7290 3
7291 4
7292 None
7293 None
7294 6
7295 None
7296 None
7297 3
7298 9
7299 4
7300 4
7301 5
7302 None
7303 3
7304 3
7305 None
7306 None
7307 5
7308 5
7309 5
7310 None
7311 6
7312 3
7313 5
7314 4
7315 4
7316 4
7317 None
7318 3
7319 4
7320 4
7321 6
7322 5
7323 None
7324 4
7325 None
7326 4
7327 5
7328 None
7329 4
7330 6
7331 None
7332 None
7333 6
7334 None
7335 None
7336 4
7337 4
7338 None
7339 None
7340 5
7341 None
7342 None
7343 None
7344 None
7345 2
7346 3
7347 3
7348 3
7349 5
7350 None
7351 4
7352 3
7353 2
7354 7
7355 4
7356 None
7357 4
7358 5
7359 3
7360 4
7361 5
7362 1
7363 5
7364 4
7365 2
7366 4
7367 None
7368 4
7369 3
7370 4
7371 6
7372 4
7373 3
7374 None
7375 None
7376 6
7377 None
7378 5
7379 2
7380 5
7381 5
7382 3
7383 1
7384 6
7385 5
7386 None
7387 None
7388 None
7389 5
7390 4
7391 None
7392 7
7393 4
7394 3
7395 6
7396 3
7397 None
7398 3
7399 None
7400 None
7401 None
7402 4
7403 None
7404 None
7405 None
7406 4
7407 None
7408 None
7409 4
7410 4
7411 6
7412 3
7413 None
7414 4
7415 None
7416 None
7417 4
7418 None
7419 5
7420 3
7421 3
7422 None
7423 6
7424 None
7425 3
7426 6
7427 3
7428 None
7429 3
7430 None
7431 5
7432 None
7433 None
7434 4
7435 2
7436 4
7437 4
7438 2
7439 7
7440 3
7441 4
7442 4
7443 4
7444 5
7445 4
7446 9
7447 3
7448 None
7449 4
7450 5
7451 4
7452 4
7453 None
7454 4
7455 4
7456 4
7457 4
7458 None
7459 4
7460 2
7461 5
7462 5
7463 5
7464 5
7465 None
7466 4
7467 4
7468 4
7469 4
7470 4
7471 None
7472 3
7473 6
7474 None
7475 None
7476 4
7477 5
7478 4
7479 4
7480 4
7481 None
7482 4
7483 4
7484 4
7485 4
7486 4
7487 None
7488 4
7489 4
7490 3
7491 5
7492 8
7493 None
7494 4
7495 5
7496 4
7497 3
7498 5
7499 None
7500 6
7501 2
7502 5
7503 None
7504 4
7505 4
7506 3
7507 None
7508 4
7509 4
7510 4
7511 3
7512 1
7513 4
7514 2
7515 4
7516 5
7517 5
7518 5
7519 4
7520 None
7521 6
7522 4
7523 None
7524 5
7525 4
7526 3
7527 None
7528 4
7529 5
7530 5
7531 4
7532 4
7533 4
7534 7
7535 4
7536 4
7537 5
7538 5
7539 None
7540 3
7541 4
7542 3
7543 None
7544 None
7545 4
7546 4
7547 5
7548 5
7549 6
7550 4
7551 7
7552 6
7553 3
7554 3
7555 5
7556 4
7557 4
7558 5
7559 4
7560 6
7561 6
7562 4
7563 None
7564 None
7565 4
7566 4
7567 4
7568 None
7569 6
7570 None
7571 7
7572 None
7573 4
7574 None
7575 4
7576 3
7577 5
7578 None
7579 5
7580 None
7581 None
7582 4
7583 None
7584 None
7585 7
7586 4
7587 None
7588 4
7589 None
7590 4
7591 5
7592 3
7593 4
7594 3
7595 5
7596 3
7597 4
7598 4
7599 4
7600 3
7601 3
7602 4
7603 5
7604 2
7605 5
7606 4
7607 5
7608 3
7609 3
7610 5
7611 3
7612 3
7613 3
7614 None
7615 2
7616 4
7617 1
7618 5
7619 5
7620 None
7621 7
7622 4
7623 5
7624 4
7625 5
7626 6
7627 None
7628 4
7629 None
7630 4
7631 4
7632 4
7633 None
7634 4
7635 2
7636 4
7637 3
7638 4
7639 None
7640 5
7641 None
7642 None
7643 5
7644 None
7645 5
7646 4
7647 None
7648 6
7649 None
7650 3
7651 5
7652 None
7653 4
7654 4
7655 6
7656 5
7657 None
7658 5
7659 4
7660 4
7661 None
7662 4
7663 5
7664 4
7665 3
7666 None
7667 5
7668 5
7669 3
7670 2
7671 4
7672 None
7673 3
7674 6
7675 5
7676 4
7677 6
7678 5
7679 5
7680 4
7681 6
7682 None
7683 3
7684 4
7685 None
7686 None
7687 None
7688 4
7689 6
7690 None
7691 4
7692 None
7693 3
7694 3
7695 4
7696 None
7697 4
7698 4
7699 4
7700 4
7701 5
7702 4
7703 None
7704 None
7705 2
7706 6
7707 None
7708 5
7709 4
7710 None
7711 3
7712 None
7713 5
7714 4
7715 None
7716 None
7717 None
7718 6
7719 None
7720 None
7721 None
7722 None
7723 None
7724 4
7725 3
7726 None
7727 5
7728 None
7729 3
7730 4
7731 6
7732 None
7733 5
7734 4
7735 None
7736 9
7737 None
7738 4
7739 5
7740 None
7741 4
7742 5
7743 3
7744 4
7745 5
7746 5
7747 4
7748 None
7749 5
7750 4
7751 6
7752 4
7753 4
7754 7
7755 None
7756 None
7757 4
7758 8
7759 4
7760 6
7761 4
7762 None
7763 4
7764 None
7765 6
7766 None
7767 5
7768 4
7769 None
7770 4
7771 5
7772 6
7773 3
7774 None
7775 None
7776 5
7777 4
7778 3
7779 4
7780 4
7781 5
7782 6
7783 4
7784 4
7785 None
7786 4
7787 3
7788 5
7789 5
7790 5
7791 5
7792 4
7793 4
7794 4
7795 None
7796 4
7797 5
7798 None
7799 None
7800 4
7801 5
7802 5
7803 5
7804 None
7805 3
7806 None
7807 None
7808 6
7809 4
7810 3
7811 None
7812 None
7813 4
7814 None
7815 2
7816 None
7817 5
7818 3
7819 5
7820 None
7821 3
7822 4
7823 4
7824 None
7825 5
7826 3
7827 None
7828 6
7829 3
7830 3
7831 4
7832 8
7833 None
7834 4
7835 None
7836 None
7837 2
7838 None
7839 5
7840 4
7841 5
7842 3
7843 4
7844 3
7845 None
7846 4
7847 None
7848 4
7849 5
7850 1
7851 None
7852 4
7853 4
7854 3
7855 None
7856 None
7857 5
7858 None
7859 None
7860 None
7861 5
7862 5
7863 None
7864 5
7865 None
7866 None
7867 2
7868 None
7869 4
7870 4
7871 5
7872 4
7873 6
7874 6
7875 4
7876 6
7877 4
7878 7
7879 None
7880 6
7881 None
7882 4
7883 None
7884 5
7885 4
7886 5
7887 None
7888 3
7889 4
7890 7
7891 6
7892 4
7893 None
7894 5
7895 4
7896 4
7897 2
7898 None
7899 4
7900 None
7901 4
7902 4
7903 4
7904 5
7905 None
7906 6
7907 6
7908 5
7909 7
7910 6
7911 2
7912 6
7913 None
7914 6
7915 8
7916 4
7917 4
7918 2
7919 None
7920 4
7921 None
7922 3
7923 6
7924 None
7925 6
7926 2
7927 4
7928 None
7929 5
7930 3
7931 None
7932 4
7933 4
7934 4
7935 3
7936 4
7937 5
7938 4
7939 None
7940 6
7941 None
7942 5
7943 4
7944 6
7945 3
7946 None
7947 4
7948 5
7949 None
7950 None
7951 None
7952 None
7953 4
7954 None
7955 None
7956 6
7957 5
7958 4
7959 6
7960 5
7961 3
7962 5
7963 4
7964 4
7965 None
7966 None
7967 8
7968 4
7969 None
7970 None
7971 5
7972 6
7973 None
7974 None
7975 2
7976 6
7977 2
7978 4
7979 4
7980 3
7981 None
7982 3
7983 4
7984 3
7985 None
7986 5
7987 None
7988 4
7989 4
7990 5
7991 4
7992 None
7993 3
7994 3
7995 5
7996 3
7997 None
7998 5
7999 6
8000 5
8001 None
8002 None
8003 5
8004 None
8005 None
8006 6
8007 6
8008 None
8009 4
8010 3
8011 4
8012 4
8013 3
8014 5
8015 6
8016 5
8017 4
8018 5
8019 None
8020 4
8021 None
8022 None
8023 5
8024 2
8025 5
8026 5
8027 None
8028 5
8029 5
8030 None
8031 None
8032 6
8033 5
8034 4
8035 4
8036 3
8037 4
8038 5
8039 2
8040 4
8041 4
8042 6
8043 5
8044 3
8045 5
8046 5
8047 4
8048 5
8049 6
8050 4
8051 6
8052 2
8053 None
8054 None
8055 6
8056 None
8057 4
8058 4
8059 3
8060 5
8061 4
8062 4
8063 5
8064 5
8065 4
8066 4
8067 5
8068 7
8069 6
8070 None
8071 None
8072 None
8073 None
8074 6
8075 5
8076 6
8077 None
8078 None
8079 3
8080 3
8081 None
8082 5
8083 6
8084 None
8085 None
8086 None
8087 None
8088 3
8089 5
8090 5
8091 5
8092 4
8093 None
8094 4
8095 None
8096 4
8097 5
8098 None
8099 None
8100 4
8101 3
8102 4
8103 None
8104 4
8105 4
8106 7
8107 None
8108 6
8109 None
8110 None
8111 6
8112 6
8113 None
8114 None
8115 3
8116 None
8117 4
8118 3
8119 None
8120 None
8121 5
8122 4
8123 6
8124 5
8125 7
8126 4
8127 4
8128 4
8129 None
8130 4
8131 5
8132 5
8133 3
8134 None
8135 None
8136 3
8137 6
8138 3
8139 None
8140 None
8141 3
8142 5
8143 4
8144 None
8145 5
8146 None
8147 None
8148 7
8149 5
8150 6
8151 None
8152 4
8153 4
8154 5
8155 2
8156 None
8157 6
8158 4
8159 5
8160 4
8161 3
8162 5
8163 2
8164 4
8165 4
8166 3
8167 None
8168 4
8169 None
8170 None
8171 None
8172 None
8173 None
8174 4
8175 5
8176 5
8177 5
8178 None
8179 None
8180 4
8181 5
8182 4
8183 4
8184 None
8185 None
8186 4
8187 None
8188 None
8189 None
8190 4
8191 4
8192 4
8193 7
8194 3
8195 None
8196 4
8197 None
8198 None
8199 3
8200 None
8201 3
8202 None
8203 4
8204 5
8205 4
8206 5
8207 None
8208 8
8209 None
8210 4
8211 5
8212 2
8213 3
8214 None
8215 5
8216 None
8217 4
8218 5
8219 5
8220 6
8221 4
8222 4
8223 4
8224 None
8225 None
8226 5
8227 4
8228 4
8229 6
8230 3
8231 None
8232 3
8233 None
8234 None
8235 3
8236 None
8237 5
8238 2
8239 5
8240 4
8241 None
8242 4
8243 5
8244 4
8245 4
8246 None
8247 4
8248 4
8249 None
8250 4
8251 None
8252 6
8253 6
8254 None
8255 4
8256 5
8257 6
8258 7
8259 5
8260 5
8261 None
8262 5
8263 5
8264 6
8265 6
8266 None
8267 4
8268 4
8269 4
8270 None
8271 5
8272 3
8273 5
8274 5
8275 3
8276 6
8277 4
8278 5
8279 4
8280 4
8281 5
8282 5
8283 5
8284 4
8285 3
8286 8
8287 5
8288 6
8289 5
8290 None
8291 3
8292 4
8293 6
8294 3
8295 4
8296 2
8297 4
8298 4
8299 4
8300 None
8301 6
8302 None
8303 3
8304 5
8305 4
8306 5
8307 4
8308 None
8309 None
8310 5
8311 3
8312 2
8313 4
8314 6
8315 None
8316 6
8317 5
8318 4
8319 None
8320 6
8321 5
8322 None
8323 4
8324 6
8325 4
8326 None
8327 None
8328 5
8329 5
8330 4
8331 None
8332 5
8333 7
8334 7
8335 6
8336 None
8337 4
8338 4
8339 4
8340 5
8341 4
8342 5
8343 3
8344 5
8345 None
8346 5
8347 None
8348 5
8349 5
8350 5
8351 5
8352 5
8353 3
8354 None
8355 5
8356 None
8357 4
8358 None
8359 5
8360 3
8361 4
8362 5
8363 5
8364 6
8365 5
8366 6
8367 None
8368 4
8369 5
8370 None
8371 4
8372 4
8373 4
8374 None
8375 3
8376 1
8377 5
8378 4
8379 5
8380 None
8381 None
8382 6
8383 4
8384 3
8385 4
8386 None
8387 4
8388 4
8389 5
8390 7
8391 5
8392 4
8393 5
8394 6
8395 7
8396 None
8397 6
8398 3
8399 3
8400 None
8401 5
8402 3
8403 5
8404 5
8405 None
8406 3
8407 3
8408 3
8409 None
8410 5
8411 None
8412 None
8413 4
8414 None
8415 None
8416 5
8417 6
8418 2
8419 5
8420 3
8421 3
8422 5
8423 2
8424 4
8425 5
8426 None
8427 4
8428 4
8429 5
8430 4
8431 4
8432 7
8433 5
8434 5
8435 4
8436 6
8437 5
8438 None
8439 6
8440 5
8441 4
8442 None
8443 4
8444 None
8445 None
8446 None
8447 None
8448 4
8449 None
8450 4
8451 5
8452 5
8453 5
8454 4
8455 6
8456 None
8457 5
8458 3
8459 None
8460 3
8461 6
8462 None
8463 6
8464 6
8465 4
8466 4
8467 None
8468 4
8469 None
8470 None
8471 5
8472 4
8473 None
8474 4
8475 None
8476 4
8477 6
8478 5
8479 9
8480 None
8481 5
8482 7
8483 5
8484 5
8485 None
8486 4
8487 5
8488 None
8489 None
8490 None
8491 5
8492 4
8493 3
8494 5
8495 4
8496 6
8497 3
8498 4
8499 4
8500 4
8501 4
8502 4
8503 4
8504 3
8505 None
8506 None
8507 None
8508 4
8509 5
8510 4
8511 5
8512 4
8513 4
8514 None
8515 None
8516 4
8517 None
8518 4
8519 4
8520 5
8521 5
8522 None
8523 4
8524 4
8525 None
8526 7
8527 5
8528 None
8529 5
8530 None
8531 None
8532 5
8533 5
8534 4
8535 4
8536 6
8537 3
8538 4
8539 4
8540 4
8541 5
8542 4
8543 5
8544 5
8545 6
8546 None
8547 7
8548 4
8549 3
8550 3
8551 None
8552 2
8553 4
8554 4
8555 None
8556 4
8557 4
8558 None
8559 4
8560 5
8561 5
8562 5
8563 None
8564 4
8565 5
8566 None
8567 4
8568 6
8569 1
8570 4
8571 5
8572 None
8573 2
8574 5
8575 5
8576 4
8577 4
8578 4
8579 6
8580 4
8581 4
8582 None
8583 None
8584 None
8585 None
8586 None
8587 None
8588 5
8589 5
8590 4
8591 None
8592 4
8593 5
8594 5
8595 6
8596 3
8597 None
8598 4
8599 3
8600 6
8601 5
8602 3
8603 4
8604 5
8605 None
8606 5
8607 None
8608 8
8609 3
8610 None
8611 6
8612 4
8613 4
8614 3
8615 6
8616 None
8617 6
8618 4
8619 6
8620 5
8621 None
8622 3
8623 5
8624 5
8625 5
8626 4
8627 4
8628 4
8629 5
8630 None
8631 6
8632 3
8633 None
8634 4
8635 None
8636 None
8637 5
8638 None
8639 None
8640 4
8641 5
8642 3
8643 3
8644 2
8645 None
8646 3
8647 6
8648 4
8649 5
8650 5
8651 None
8652 None
8653 5
8654 7
8655 4
8656 6
8657 4
8658 4
8659 3
8660 3
8661 4
8662 5
8663 6
8664 5
8665 3
8666 5
8667 5
8668 4
8669 3
8670 4
8671 5
8672 3
8673 5
8674 3
8675 5
8676 5
8677 5
8678 None
8679 4
8680 4
8681 None
8682 4
8683 None
8684 6
8685 3
8686 None
8687 None
8688 5
8689 None
8690 3
8691 None
8692 5
8693 None
8694 3
8695 None
8696 None
8697 2
8698 8
8699 None
8700 4
8701 4
8702 None
8703 9
8704 5
8705 None
8706 5
8707 7
8708 5
8709 4
8710 None
8711 None
8712 4
8713 3
8714 4
8715 5
8716 None
8717 None
8718 None
8719 None
8720 4
8721 None
8722 4
8723 4
8724 6
8725 3
8726 3
8727 5
8728 None
8729 6
8730 None
8731 4
8732 4
8733 4
8734 3
8735 None
8736 None
8737 6
8738 4
8739 5
8740 5
8741 5
8742 None
8743 7
8744 3
8745 None
8746 None
8747 4
8748 5
8749 6
8750 4
8751 4
8752 None
8753 4
8754 None
8755 4
8756 4
8757 6
8758 4
8759 None
8760 None
8761 4
8762 None
8763 3
8764 5
8765 4
8766 5
8767 4
8768 5
8769 3
8770 4
8771 7
8772 5
8773 None
8774 None
8775 None
8776 5
8777 None
8778 6
8779 None
8780 None
8781 4
8782 2
8783 4
8784 5
8785 None
8786 None
8787 5
8788 4
8789 None
8790 4
8791 6
8792 3
8793 None
8794 5
8795 4
8796 None
8797 6
8798 None
8799 5
8800 None
8801 6
8802 5
8803 6
8804 3
8805 4
8806 None
8807 5
8808 3
8809 5
8810 5
8811 6
8812 4
8813 5
8814 None
8815 None
8816 3
8817 None
8818 None
8819 None
8820 None
8821 4
8822 9
8823 5
8824 5
8825 5
8826 7
8827 4
8828 None
8829 None
8830 3
8831 None
8832 6
8833 4
8834 None
8835 None
8836 None
8837 3
8838 4
8839 4
8840 6
8841 5
8842 None
8843 5
8844 4
8845 4
8846 5
8847 5
8848 None
8849 5
8850 7
8851 3
8852 3
8853 None
8854 4
8855 4
8856 4
8857 5
8858 4
8859 4
8860 2
8861 None
8862 None
8863 5
8864 5
8865 4
8866 3
8867 None
8868 5
8869 5
8870 4
8871 None
8872 4
8873 None
8874 5
8875 4
8876 4
8877 6
8878 None
8879 4
8880 5
8881 4
8882 None
8883 1
8884 5
8885 None
8886 None
8887 3
8888 4
8889 4
8890 4
8891 5
8892 4
8893 4
8894 None
8895 5
8896 4
8897 None
8898 None
8899 4
8900 3
8901 4
8902 4
8903 4
8904 6
8905 None
8906 None
8907 None
8908 5
8909 3
8910 None
8911 4
8912 5
8913 4
8914 3
8915 4
8916 None
8917 4
8918 4
8919 None
8920 None
8921 None
8922 None
8923 None
8924 4
8925 None
8926 5
8927 None
8928 None
8929 4
8930 6
8931 None
8932 None
8933 4
8934 3
8935 None
8936 5
8937 None
8938 5
8939 None
8940 4
8941 5
8942 None
8943 5
8944 4
8945 None
8946 5
8947 None
8948 3
8949 5
8950 5
8951 2
8952 5
8953 5
8954 3
8955 None
8956 6
8957 4
8958 3
8959 None
8960 None
8961 4
8962 5
8963 None
8964 None
8965 5
8966 3
8967 4
8968 6
8969 6
8970 None
8971 2
8972 3
8973 5
8974 6
8975 4
8976 8
8977 None
8978 4
8979 4
8980 4
8981 3
8982 5
8983 None
8984 6
8985 None
8986 5
8987 2
8988 4
8989 None
8990 4
8991 6
8992 3
8993 5
8994 3
8995 4
8996 6
8997 None
8998 4
8999 4
9000 None
9001 None
9002 None
9003 4
9004 6
9005 8
9006 6
9007 3
9008 5
9009 None
9010 5
9011 None
9012 4
9013 4
9014 4
9015 5
9016 3
9017 5
9018 2
9019 1
9020 4
9021 4
9022 5
9023 None
9024 None
9025 5
9026 None
9027 None
9028 7
9029 4
9030 4
9031 4
9032 3
9033 5
9034 4
9035 5
9036 5
9037 4
9038 4
9039 None
9040 None
9041 3
9042 None
9043 6
9044 5
9045 5
9046 5
9047 6
9048 None
9049 4
9050 None
9051 1
9052 6
9053 4
9054 4
9055 3
9056 3
9057 5
9058 5
9059 6
9060 4
9061 6
9062 4
9063 None
9064 5
9065 None
9066 5
9067 None
9068 6
9069 None
9070 5
9071 4
9072 4
9073 4
9074 None
9075 4
9076 5
9077 None
9078 None
9079 None
9080 3
9081 None
9082 6
9083 5
9084 4
9085 3
9086 4
9087 4
9088 5
9089 None
9090 None
9091 None
9092 5
9093 None
9094 5
9095 None
9096 5
9097 4
9098 5
9099 4
9100 5
9101 5
9102 4
9103 4
9104 5
9105 5
9106 3
9107 6
9108 5
9109 None
9110 4
9111 4
9112 4
9113 5
9114 5
9115 None
9116 5
9117 4
9118 5
9119 4
9120 5
9121 None
9122 None
9123 5
9124 7
9125 None
9126 5
9127 4
9128 None
9129 3
9130 4
9131 4
9132 None
9133 6
9134 3
9135 3
9136 5
9137 3
9138 None
9139 None
9140 2
9141 6
9142 None
9143 4
9144 4
9145 6
9146 5
9147 7
9148 4
9149 None
9150 None
9151 4
9152 2
9153 3
9154 6
9155 5
9156 1
9157 None
9158 4
9159 3
9160 5
9161 5
9162 None
9163 None
9164 None
9165 5
9166 5
9167 3
9168 4
9169 6
9170 None
9171 5
9172 4
9173 None
9174 None
9175 6
9176 None
9177 6
9178 6
9179 None
9180 3
9181 5
9182 3
9183 None
9184 5
9185 6
9186 None
9187 6
9188 None
9189 6
9190 None
9191 4
9192 4
9193 4
9194 5
9195 None
9196 None
9197 2
9198 4
9199 5
9200 5
9201 4
9202 4
9203 4
