Top 10 most central nodes in each metric
****************************************
Closeness_Centrality
[1386, 4409, 1265, 3073, 50, 1639, 1930, 3402, 4861, 5105, 3553, 388, 2058, 3524, 3940, 1598, 7014, 3814, 1093, 411]
Weighted_Degree_Centrality
[6414, 425, 1095, 4409, 4861, 3814, 3269, 2904, 1639, 3553, 3048, 1386, 1828, 1093, 1186, 3472, 581, 3402, 1265, 639]
Katz_Centrality
[6414, 425, 4861, 1095, 1386, 6817, 2904, 4409, 3048, 1089, 7604, 192, 3269, 1762, 1828, 3814, 1265, 3553, 900, 1639]
Betweenness_Centrality
[1095, 1386, 1093, 1305, 3940, 7911, 4409, 1252, 3073, 7290, 1639, 1930, 4861, 2058, 911, 2864, 1265, 3402, 6252, 2311]
Degree_Centrality
[4409, 1639, 1386, 3402, 388, 3073, 1265, 7290, 1093, 2000, 3553, 1095, 3814, 7911, 50, 2785, 1657, 4861, 200, 1598]
Communicability_Centrality
[1639, 2000, 50, 2785, 200, 4670, 4409, 3553, 4517, 2326, 3402, 2221, 2436, 1386, 1265, 5483, 730, 1925, 842, 3073]


Top 10 most productive nodes in each metric****************************************raw_productivity
[1095, 1930, 6414, 425, 4861, 1639, 200, 4409, 2904, 3048, 3553, 5912, 1386, 1093, 3402, 1265, 3269, 911, 3814, 4547]

author_citation_max
[1085, 2012, 3553, 3556, 8311, 4889, 699, 2506, 8406, 1879, 3595, 6089, 8219, 4987, 2593, 758, 5494, 3617, 5298, 994]

author_citation_avg
[2012, 3617, 7728, 8178, 4776, 3932, 4424, 2900, 5596, 2183, 5338, 1601, 4474, 485, 4980, 4064, 8624, 1786, 5916, 6905]

author_citation_sums
[1095, 3553, 1639, 4861, 425, 1930, 2904, 4409, 6414, 200, 1265, 926, 5912, 50, 1093, 3269, 2058, 3402, 1386, 3693]

