5988 1
5989 1
5982 1
5983 1
5980 38
5981 5
5986 2
5987 1
5984 15
5985 18
6796 17
6797 5
6794 32
6795 2
6792 1
6793 5
6790 24
6791 6
6798 5
6799 1
6294 2
270 2
271 2
272 23
273 3
274 1
275 7
276 2
277 2
278 5
279 8
9258 2
9259 1
9256 2
9257 1
9254 1
9255 7
9252 1
9253 1
9250 3
9251 4
2143 2
2142 1
3519 5
3518 1
3513 12
3512 23
3511 27
3510 2
3517 14
3516 3
3515 1
3514 1
2688 1
2689 63
2684 2
2685 1
2686 23
2687 1
2680 1
2681 1
2682 4
2683 17
99 25
98 8
91 3
90 11
93 16
92 5
95 2
94 11
97 3
96 1
1177 7
1176 11
1175 4
1174 9
1173 3
1172 9
1171 6
1170 12
1179 5
1178 1
7188 4
876 38
877 13
7180 1
7181 1
7182 6
7183 9
7184 11
3432 15
7186 1
7187 1
623 2
875 20
622 7
872 13
1225 10
3435 1
620 1
8549 1
870 1
8019 1
8018 4
8017 1
627 1
8015 4
871 1
8013 2
8012 4
8011 1
626 1
7456 3
4592 2
7454 5
7455 3
7452 1
625 8
7450 9
2036 1
624 1
4590 11
7458 5
7459 1
4591 2
4596 1
4849 28
4594 1
4595 1
2749 4
4845 4
4598 6
8291 1
4599 1
4734 7
8290 1
4735 12
8293 3
8292 1
2039 4
8295 1
4843 1
4738 1
8294 4
4739 16
8297 1
8296 9
393 18
392 2
391 1
390 2
397 7
396 56
395 2
394 2
399 1
398 3
2309 1
2308 1
4729 1
4728 1
2301 1
2300 10
2303 16
2302 1
2305 1
2304 16
2307 8
2306 2
5847 1
5846 53
5845 1
5844 1
5843 3
5842 24
5841 2
5840 1
5849 1
5848 6
3748 4
3749 1
3746 27
3747 1
3744 1
3745 1
3742 1
3743 6
3740 12
3741 9
4620 1
4621 1
4622 1
4623 6
4624 1
4625 1
4626 2
4627 1
4628 1
4629 1
179 12
178 2
177 1
176 2
175 1
174 7
173 11
172 1
171 7
170 21
7218 1
7219 1
7210 1
7211 4
7212 7
7213 1
7214 1
7215 7
7216 1
7217 30
6217 3
6216 12
6215 2
6214 4
6213 2
6212 1
6211 1
6210 9
6219 1
6218 1
6819 3
6818 2
6811 1
6810 4
6813 6
6812 1
6815 4
6814 2
6817 4
6816 5
8913 1
8848 2
8849 3
8840 1
8841 1
8842 3
8843 1
8844 1
8845 3
8846 1
8847 1
8915 2
7669 2
7668 2
7661 1
7660 1
7663 1
7662 2
7665 2
7664 1
7667 1
7666 3
1768 11
1769 30
1762 1
1763 2
1760 2
1761 1
1766 3
1767 7
1764 4
1765 1
692 2
693 22
690 1
691 3
696 12
697 13
694 7
695 4
698 2
699 2
1548 8
1549 5
8710 2
8711 1
8712 1
8713 1
8714 1
8715 1
8716 1
8717 1
8718 11
8719 3
5618 1
5619 3
9330 1
5612 6
5613 34
5610 1
5611 3
5616 3
5617 4
5614 1
5615 4
7116 1
7118 1
6778 2
6779 14
6774 8
6775 2
6776 4
6777 7
6770 1
6771 2
6772 1
6773 2
3580 5
258 4
259 4
252 13
253 1
250 3
251 15
256 3
257 24
254 21
255 13
4665 1
3689 3
3688 3
3683 13
3682 1
3681 3
3680 1
3687 1
3686 2
3685 1
3684 69
2518 7
2519 15
2514 2
2515 19
2516 1
2517 14
2510 1
2511 2
2512 2
2513 5
3531 8
3530 1
3533 2
3532 14
3535 1
3534 10
3537 12
3536 3
5054 1
3538 2
5056 11
5057 7
5050 1
5051 4
5052 1
5053 9
1159 1
1158 6
1155 2
1154 6
1157 3
1156 4
1151 6
1150 17
1153 1
1152 1
8035 5
8034 20
8037 1
8036 1
8031 2
8030 3
8033 3
8032 1
8039 1
8038 1
8529 3
8528 1
8523 1
8522 1
8521 4
8520 2
8527 1
8526 1
8525 2
8524 1
8536 20
4299 2
4298 3
4295 1
4294 20
4297 1
4296 1
4291 1
4290 3
4293 1
4292 1
6368 1
4749 12
4748 2
1324 3
4743 5
4742 2
4741 2
4740 1
4747 1
4746 2
4745 2
4744 1
5869 8
5868 5
5865 3
5864 4
5867 8
5866 1
5861 34
5860 1
5863 16
5862 1
9006 1
8537 3
2183 13
2182 54
2181 1
2180 2
2187 6
2186 22
2185 6
2184 7
4606 1
4607 1
2189 2
2188 2
4602 18
4603 5
4600 3
4601 1
6907 1
6906 3
6905 1
6904 37
6903 1
6902 1
151 1
150 5
153 2
152 11
155 2
154 7
157 7
156 4
159 3
158 11
6900 16
8134 12
8135 1
8688 1
8689 1
6187 3
6186 1
6185 2
6184 1
6183 2
6182 12
6181 1
6180 3
6954 7
8133 1
6189 3
6188 1
2727 6
2726 2
2725 1
2724 27
2723 1
2722 1
2721 3
2720 6
2729 7
2728 6
7236 1
7237 1
7234 1
7235 2
7232 5
7233 4
6955 3
7231 1
9199 4
9198 1
7948 1
7949 1
7238 2
7239 1
6239 10
6238 1
6235 4
6234 1
6237 8
6236 20
6231 3
6230 7
6233 1
6232 2
7815 6
7932 1
8866 1
8867 3
8864 1
8865 1
8862 1
8863 1
8860 1
8861 1
8868 8
8869 1
818 4
819 3
810 5
811 10
812 48
813 13
814 21
815 1
816 10
817 24
7819 6
1700 2
1701 1
5265 5
5264 1
1704 34
1705 18
1706 11
1707 11
1708 7
1709 10
2097 2
5269 1
5268 3
2096 38
4574 7
4575 1
2093 3
4577 15
3959 10
7936 1
3029 1
3028 3
3027 9
3026 5
3025 6
3024 2
3023 1
3022 1
3021 1
3020 2
8738 4
8739 20
8736 1
8737 1
8734 2
8735 1
8732 5
8733 1
8730 3
8731 2
4198 9
4199 1
4196 1
4197 1
4194 2
4195 7
4192 12
4193 3
4190 1
4191 6
5670 1
5671 1
5672 2
5673 3
5674 11
5675 8
5676 1
5677 3
5678 1
5679 1
9395 1
9394 1
473 1
6437 4
6436 1
6435 1
6434 1
6433 1
6432 1
6431 2
6430 1
8198 1
8199 1
6439 1
6438 1
9391 2
6758 1
6759 3
6752 6
6753 8
6750 1
6751 1
6756 8
6757 8
6754 2
6755 16
9390 1
238 6
239 1
234 21
235 3
236 1
237 7
230 22
231 9
232 2
233 26
4680 2
8740 3
4681 3
2538 12
2539 1
2532 5
2533 1
2530 6
2531 1
2536 1
2537 5
2534 3
2535 2
5078 1
5079 15
5072 118
5073 2
5070 2
5071 10
5076 1
5077 5
5074 1
5075 1
939 3
938 6
933 12
932 3
931 3
930 10
937 80
936 8
935 4
934 1
5380 4
5381 2
5382 1
5383 2
5384 4
5385 1
5386 1
5387 5
5388 1
5389 1
9398 1
797 2
796 10
795 1
794 2
793 1
792 2
791 1
790 3
9388 1
2145 2
799 1
798 17
2144 18
2415 1
2414 5
1139 4
1138 9
2141 19
1133 5
1132 16
1131 1
1130 21
1137 28
1136 8
1135 5
1134 1
2419 27
4975 2
7148 2
7149 1
7144 2
7145 4
7146 1
7147 1
7140 1
7141 3
7142 5
7143 7
2149 1
2148 2
8053 1
8052 4
8051 2
8050 1
8057 1
8056 3
8055 2
8054 1
8509 1
8508 1
8059 1
8058 4
2882 4
2883 2
2880 32
2881 1
2886 3
2887 1
2884 22
2885 1
7492 3
1072 6
2888 4
2889 1
7496 1
7497 1
7494 1
7495 3
2 1
3276 1
3277 7
1922 52
1923 1
1924 39
3273 6
1926 7
1927 7
4761 9
4760 10
4763 5
4762 3
4765 1
4764 5
4767 8
4766 24
4769 1
4768 7
7189 3
8767 3
5809 1
5808 1
5803 1
5802 5
5801 1
5800 1
5807 16
5806 38
5805 7
5804 3
1573 2
1572 9
1571 11
1570 2
1577 1
1576 2
7360 3
1575 27
1574 7
8023 1
4888 1
4889 1
2709 2
2708 29
4880 66
4881 2
4882 1
2706 3
2701 5
2700 17
2703 1
4887 7
7962 2
7963 5
7960 1
7961 1
7966 1
7967 6
7964 2
7965 1
9177 1
9176 1
7968 1
7969 3
9173 1
9172 5
9171 2
9170 2
6259 1
6258 14
6253 41
6252 10
6251 1
6250 4
6257 1
6256 1
6255 3
6254 1
2411 5
8545 1
8016 7
475 31
8547 3
3474 16
3475 9
3476 7
3477 3
3470 1
3471 69
3472 4
3473 19
8884 1
8541 26
838 5
839 8
3478 1
3479 1
8882 2
8540 25
8543 1
8010 2
7457 1
8687 2
7453 7
9007 2
5249 3
5248 3
1728 4
1729 19
1726 10
5244 1
5247 2
5246 31
1722 1
1723 1
1720 1
1721 15
9004 1
5626 21
9003 1
9002 1
7931 1
9001 1
7930 2
9000 2
7933 1
3005 2
3004 12
3007 41
3006 1
3001 5
3000 1
3003 8
3002 3
7935 2
3009 4
3008 1
7934 7
1588 5
1589 22
7937 1
1582 44
1583 1
1580 3
1581 2
1586 2
1587 3
1584 1
1585 8
9106 2
5481 22
9107 10
8633 1
5480 3
9104 1
9105 1
9450 1
9451 1
9452 2
5658 2
5659 2
5656 22
5657 1
5654 2
2416 27
5652 1
5653 1
5650 1
5651 2
6419 2
6418 1
6415 1
6414 2
6417 7
6416 4
6411 1
6410 9
6413 3
6412 1
7777 8
7776 1
7775 3
7774 4
7773 12
7772 5
7771 1
7770 1
7779 1
7778 16
3917 29
3916 8
3915 7
3914 9
3913 5
3912 12
3911 8
3910 8
3919 8
3918 9
6730 1
6731 3
6732 4
6733 1
6734 2
6735 1
6736 4
6737 1
6738 1
6739 1
8318 2
8319 1
3287 13
216 1
217 5
214 1
215 14
212 2
213 6
210 1
211 32
218 18
219 1
6088 2
6089 2
6086 1
6087 36
6084 1
6085 9
6082 1
6083 1
6080 1
6081 41
3649 1
3648 1
3647 4
3646 4
3645 5
3644 20
3643 15
3642 1
3641 1
3640 1
2550 9
2551 15
2552 1
2553 8
2554 36
2555 2
2556 27
2557 31
2558 6
2559 2
5010 2
5011 13
5012 28
5013 2
5014 1
5015 10
5016 2
5017 1
5018 41
5019 1
4419 17
4418 6
4417 1
4416 20
4415 2
4414 2
4413 1
4412 5
4411 5
4410 1
919 10
918 7
915 7
914 9
917 3
916 2
911 7
910 10
913 1
912 6
7168 10
7169 2
7162 2
7163 1
7160 6
7161 6
7166 4
7167 9
7164 29
7165 2
8079 1
630 2
631 4
8071 1
8070 1
8073 1
8072 2
8075 2
632 3
8077 3
8076 32
1211 15
634 2
635 13
8888 3
1214 2
8637 1
1215 54
1111 1
1110 35
1113 12
1112 1
1115 1
1114 27
1117 1
1440 1
1119 22
1118 3
1449 8
1448 5
8889 6
4859 1
8636 1
2005 6
4857 1
4584 2
2008 5
4854 1
8635 1
4581 1
4580 4
4725 5
4583 16
4724 1
8268 12
4582 1
4727 50
8269 2
8634 1
4726 1
6914 1
4721 2
4720 5
8264 1
4723 1
4789 21
4788 18
4787 12
4786 3
4785 1
4722 1
4783 8
4782 6
4781 7
4780 1
5821 2
5820 1
5823 5
5822 6
5825 2
5824 8
5827 1
5826 5
5829 1
5828 1
8632 7
6916 3
8631 1
1182 4
8630 2
199 1
198 3
195 6
194 2
197 39
196 54
191 18
190 7
193 6
192 14
6912 1
9155 1
9154 3
2769 40
2768 5
9151 7
9150 1
9153 2
9152 1
2763 7
2762 1
2761 24
2760 6
2767 1
2766 4
2765 1
2764 6
7908 1
7909 3
7900 1
7901 4
6913 2
7903 1
7904 1
7905 3
7906 1
7907 1
6271 1
6270 1
6273 3
6272 1
6275 3
6274 2
6277 20
6276 2
6279 1
6278 29
8883 1
1183 38
3452 37
3453 2
3450 1
3451 1
3456 1
3457 8
3454 4
3455 4
3458 44
3459 2
858 1
859 7
6 1
8905 1
9384 2
5229 3
5228 1
5223 13
5222 8
5221 1
5220 1
5227 1
5226 5
5225 1
5224 14
4588 9
3063 2
3062 8
3061 1
3060 4
3067 1
3066 2
3065 6
3064 5
3069 8
3068 41
7466 2
4817 1
4816 2
1304 1
1305 1
1306 2
1307 14
1300 8
1301 4
1302 1
1303 44
1308 3
1309 1
498 11
499 7
494 1
495 3
496 1
497 1
490 11
491 30
492 40
493 4
6479 5
6478 6
6473 5
6472 1
6471 1
6470 1
6477 1
6476 10
6475 2
6474 7
6915 16
7758 1
7755 2
7754 3
7757 2
7756 1
7751 2
7750 5
7753 1
7752 1
3939 2
3938 9
3935 2
3934 1
3937 32
3936 29
3931 17
3930 3
3933 30
3932 1
8332 1
8333 1
8330 1
8331 1
3265 5
8337 4
6718 2
6719 4
6716 1
6717 1
6714 1
6715 1
6712 1
6713 2
6710 5
6711 2
4044 32
4045 3
4046 14
4047 1
4040 31
4041 1
4042 5
4043 1
4048 16
4049 1
3665 3
3664 2
3667 1
3666 4
3661 4
3660 4
3663 5
3662 3
3669 15
3668 1
5582 1
446 3
2578 3
2579 15
2576 11
2577 2
2574 31
2575 5
2572 3
2573 4
2570 3
2571 5
3593 10
3592 11
3591 1
3590 1
3597 4
3596 4
5038 10
3594 19
5036 6
5037 6
5034 5
5035 1
5032 10
5033 1
5030 1
5031 2
4435 7
4434 2
4437 4
4436 28
4431 6
4430 7
4433 1
4432 1
4439 4
4438 9
977 2
976 9
975 1
974 59
973 1
972 6
971 4
970 3
979 2
978 2
7952 4
8756 3
8757 8
8927 1
8926 4
8925 1
8924 1
8923 1
8922 1
8921 2
8920 1
8929 1
8928 3
3386 1
3387 5
3384 11
7100 1
7101 1
7102 2
5417 1
7104 17
7105 4
7106 5
7107 14
7108 10
5410 1
5411 31
5412 1
5413 1
1681 3
1680 39
1683 1
1682 3
1685 1
1684 114
1687 5
1686 19
1689 1
1688 2
653 4
1469 18
1468 1
1465 29
1464 10
1467 6
1466 2
1461 1
1460 4
1463 2
1462 5
4239 1
4238 1
4237 1
4236 2
4235 16
4234 1
4233 1
4232 2
4231 40
4230 4
5591 11
5590 1
5593 50
5592 1
5595 4
5594 1
5597 1
5596 3
5599 1
5598 13
3035 2
319 7
318 23
313 2
312 3
311 16
310 20
317 6
316 16
315 14
314 2
4213 1
443 1
442 1
441 2
440 39
447 3
4218 1
445 1
444 23
8699 1
8698 1
2299 6
2298 7
8129 1
2293 5
2292 4
2291 3
2290 33
2297 9
2296 12
2295 12
2294 10
8695 1
8694 8
8125 1
8124 4
8691 2
8690 1
8693 1
8139 1
8692 1
7290 21
7291 2
7292 1
7293 1
7294 5
7295 1
7296 1
7297 6
7298 1
7299 3
9139 1
9138 3
7704 3
7928 1
7929 2
7705 1
6299 1
6298 1
6297 1
6296 11
6295 6
5578 6
6293 3
6292 3
6291 1
6290 1
5574 3
5572 12
4672 1
7708 1
7709 11
8511 1
3438 2
3439 3
878 8
879 14
3430 1
3431 7
874 2
3433 1
3434 4
873 2
3436 6
3437 1
2741 1
2740 13
2743 1
2742 10
2745 3
2744 6
2747 56
2746 1
4844 58
2748 25
4846 2
4847 4
4840 3
4841 18
4842 1
2038 1
5201 4
5200 1
5203 4
5202 3
5205 5
5204 1
5207 2
5206 1
5209 1
5208 12
3049 10
3048 1
3041 2
3040 18
3043 1
3042 11
3045 3
3044 59
3047 4
3046 40
7522 13
1094 63
1095 24
1096 7
1097 1
1090 19
1091 1
1092 1
1093 7
1912 2
1098 1
1099 2
7523 12
1915 10
8349 1
1322 5
1323 1
1320 1
1321 3
1326 1
1327 2
1914 1
1325 6
1328 21
1329 18
6451 37
6450 22
6453 2
6452 4
6455 13
6454 1
6457 5
6456 2
6459 1
6458 1
8136 1
8137 1
8130 1
8131 4
6909 3
6908 1
7739 1
7738 1
7733 3
7732 1
7731 4
7730 3
7737 1
7736 4
7735 1
7734 1
1916 1
3958 1
3953 11
3952 1
3951 3
3950 25
3957 4
3956 7
3955 1
3954 4
8358 2
8359 3
8350 6
8351 1
8352 1
8353 1
8354 1
8355 1
8356 1
8357 1
1546 2
4062 17
4063 37
4060 6
4061 1
4066 5
4067 2
4064 12
4065 2
4068 1
4069 1
5784 1
5785 1
5786 1
5787 2
5780 8
5781 4
5782 1
5783 6
5788 1
5789 7
3603 1
3602 7
3601 1
3600 2
3607 2
3606 109
3605 22
3604 1
3609 11
3608 1
4593 18
7529 2
4453 2
4452 7
4451 1
4450 24
4457 8
4456 7
4455 1
4454 14
4459 1
4458 1
959 15
958 5
951 1
950 71
953 6
952 8
955 1
954 4
957 3
956 3
7185 2
6334 1
6335 3
6336 1
6337 1
6330 4
6331 1
6332 1
6333 4
6338 4
6339 1
8909 1
8908 1
717 6
8904 2
8907 1
8906 32
8901 1
8900 1
8903 8
8902 3
4969 2
4968 1
716 2
7129 1
7126 3
7127 2
7124 1
7125 1
7122 2
2178 2
7120 1
7121 1
4964 32
6841 2
1669 1
1668 2
1667 11
1666 8
1665 24
1664 2
1663 3
1662 7
1661 5
1660 9
591 27
590 1
593 9
592 5
595 10
594 12
597 15
596 4
599 2
598 4
2828 1
2829 3
2824 2
2825 10
2826 7
2827 3
2820 1
2821 7
2822 2
2823 1
5414 1
5415 3
5416 9
3385 11
3382 1
3383 1
3380 9
3381 7
5418 3
5419 1
3388 8
3389 25
1409 22
1408 2
1403 12
1402 1
1401 4
1400 1
1407 7
1406 1
1405 12
1404 29
4215 1
4214 1
4217 2
4216 8
4211 14
4210 3
1491 14
4212 1
5790 7
4219 11
1544 1
1545 1
1542 11
1543 1
3261 2
1540 7
5579 4
3260 2
5577 1
5576 5
5575 4
1541 3
5573 1
3263 10
5571 1
5570 1
3262 35
5799 1
1937 1
5798 1
3264 5
339 6
3267 16
335 4
334 4
337 4
3266 15
331 1
330 11
333 1
332 1
3269 9
5125 2
5126 45
5127 2
5002 8
3195 2
3200 4
1497 2
6109 4
6108 3
6107 1
6106 3
6105 4
6104 1
6103 25
6102 1
6101 1
6100 42
9119 1
9118 1
9449 3
9448 1
9111 3
9110 1
9113 1
9112 9
9115 1
9114 1
9117 1
9116 4
8029 1
3416 2
3417 20
3414 4
3415 21
3412 1
3413 46
3410 8
3411 1
8532 2
3418 3
3419 6
8533 1
8534 5
8535 7
4868 9
4869 1
2019 5
2018 1
2015 1
2014 21
2017 4
2016 2
2011 5
2010 3
2013 4
4865 1
9454 1
7444 8
9034 2
9035 1
9038 1
9039 2
7013 1
9447 1
9446 2
9445 2
9444 1
9443 2
9442 1
9441 1
9440 1
458 1
1349 7
450 1
451 7
1342 2
453 19
454 4
455 1
1346 3
1347 5
8118 1
8119 6
6929 1
6928 2
6925 12
6924 1
6927 6
6926 8
6921 26
6920 1
6923 6
6922 1
7711 1
7710 3
7713 2
7712 3
7715 1
7714 1
7717 8
7716 1
7719 3
7718 1
832 9
8376 4
8377 2
8374 1
8375 1
8372 1
8373 1
8370 2
8371 1
833 1
8378 1
8379 3
8074 5
752 1
9435 1
4008 4
4009 1
4000 1
4001 1
4002 7
4003 7
4004 2
4005 13
4006 1
4007 3
3971 3
3970 8
3973 1
3972 3
3975 2
3974 8
3977 3
3976 10
3979 18
3978 4
3629 1
3628 1
3621 34
3620 1
3623 7
3622 49
3625 2
3624 1
3627 1
3626 10
9433 1
4479 1
4478 1
9457 2
2955 29
4471 2
4470 14
4473 20
4472 5
4475 1
4474 4
4477 4
4476 8
9458 1
2953 1
2464 18
2465 1
2466 3
2467 6
2460 9
2461 19
2462 3
2463 5
2468 2
2469 7
1026 6
9459 2
1021 2
1020 4
1023 5
5343 1
6312 1
6313 2
6310 4
6311 5
6316 4
6317 1
6314 30
6315 1
8530 3
6318 1
6319 1
5348 2
5349 1
9308 3
9309 4
8531 1
9304 1
9305 23
9306 5
9307 1
9300 1
9301 1
9302 1
9303 1
7684 1
8969 1
8968 1
8963 3
8962 1
8961 1
8960 1
8967 3
8966 1
8965 1
8964 1
9455 1
1645 1
1644 1
1647 40
1646 2
1641 45
1640 29
1643 9
1642 6
1649 4
1648 2
9456 1
579 5
578 8
573 74
572 1
571 8
570 2
577 1
576 14
575 22
574 1
2808 1
2809 8
2802 1
2803 1
2800 9
2801 1
2806 2
2807 12
2804 2
2805 4
5432 2
5433 2
1423 90
5431 1
5436 5
5437 2
5434 1
5435 4
3364 1
3365 24
5438 2
5439 2
3360 10
3361 1
3362 2
3363 14
4273 1
4272 2
4271 16
4270 1
4277 3
4276 1
4275 19
4274 7
1201 11
4279 1
4278 2
1200 5
5555 14
4862 1
5557 3
5556 2
5551 4
5550 7
5553 3
4863 1
5559 10
4860 2
4861 1
4866 46
4867 6
8589 17
8588 1
4864 2
8581 7
8580 2
8583 1
2012 7
8585 2
8584 1
8587 1
8586 3
9453 1
5129 1
5883 3
5882 7
5881 8
5880 1
5887 1
5886 18
5885 3
5884 2
5889 1
5888 1
6554 1
6555 3
6556 2
6557 4
6550 2
6551 1
6552 3
5873 2
6558 7
6559 1
8270 5
5875 1
357 16
356 50
355 2
354 4
353 4
352 5
351 3
350 3
7508 1
7509 1
359 9
358 5
6125 5
4855 6
6127 1
6126 1
6121 2
6120 5
6123 2
6122 2
6129 1
6128 20
8677 33
2190 1
3225 3
4632 1
2192 1
2193 9
2259 40
2258 1
2257 7
4637 3
2255 4
2254 1
2253 1
2252 2
2251 2
4636 12
3224 15
4635 2
4634 14
4800 1
3227 3
4802 2
4638 2
4804 1
4805 6
4806 5
4807 3
4808 1
4809 36
2789 4
2788 2
9465 1
9464 1
2079 4
2078 21
9461 3
9460 1
9463 3
9462 3
2073 4
2072 3
2071 1
2070 6
2077 2
2076 8
2075 2
2074 2
3221 2
8790 1
3220 1
8791 5
3223 16
8410 6
8415 5
3222 6
7081 7
7080 1
7083 1
7082 5
7085 1
7084 13
7087 3
7086 3
7089 1
7088 15
6495 2
6494 2
6497 3
6496 5
6491 39
6490 2
6493 1
6492 8
8178 19
8179 1
6499 18
6498 5
6949 1
6948 1
6943 1
6942 1
6941 4
6940 20
6947 3
6946 1
6945 1
6944 2
8998 1
8398 1
8399 2
8394 11
8395 1
8396 1
8397 3
8390 1
8391 3
8392 1
8393 2
4398 2
4399 1
4390 24
4391 1
4392 2
4393 6
4394 6
4395 1
4396 1
4397 1
3197 3
1367 5
470 24
3194 1
3193 4
3192 19
3191 4
3190 4
478 2
479 2
3199 2
3198 40
4026 1
4027 1
4024 3
4025 2
4022 8
4023 1
4020 12
4021 27
4028 6
4029 1
8506 1
3999 76
3998 3
3997 1
3996 3
3995 5
3994 3
3993 2
3992 10
3991 12
3990 1
8165 1
8999 1
8697 1
8164 1
298 15
299 2
296 20
297 4
294 13
295 1
292 1
293 2
290 12
291 51
587 2
581 1
5487 8
2442 4
2443 7
2440 2
2441 12
2446 8
2447 1
2444 1
2445 12
2448 1
2449 5
7867 1
7866 2
7865 1
7864 1
7863 1
7862 6
7861 1
7860 1
5486 2
7869 1
7868 1
8829 3
6378 9
6379 36
5485 27
6371 4
6372 1
6373 7
6374 3
6375 4
6376 4
6377 6
9328 1
9329 2
5484 14
9322 4
9323 1
9320 1
9321 1
9326 1
9327 1
9324 1
9325 1
8941 2
8940 4
8943 1
8942 1
8945 1
8944 1
8947 1
8946 3
8949 1
8948 3
5483 1
5407 2
5406 2
7394 2
1434 1
5482 7
1435 1
1432 21
1433 1
1623 3
1622 2
1621 1
1620 24
1627 4
1626 8
1625 3
1624 19
1999 3
1998 12
1629 1
1628 9
3209 5
3208 3
5058 13
5059 2
2860 9
2861 4
2862 29
2863 2
559 2
558 5
2866 9
2867 6
555 7
554 7
557 4
556 2
551 7
550 3
553 1
552 7
3539 2
1438 3
5055 1
5408 4
1199 1
1198 2
3348 1
3349 1
1191 1
1190 3
1193 2
1192 28
1195 21
1194 11
1197 2
1196 2
9189 2
7942 1
4259 10
4258 3
4251 1
4250 5
4253 3
4252 3
4255 14
4254 10
4257 1
4256 7
5533 3
5532 31
5531 21
5530 4
5537 1
5536 14
5535 4
5534 1
5539 8
5538 1
1348 10
459 8
4263 3
6572 1
6573 5
6570 1
6571 34
6576 27
6577 2
6574 3
6575 1
6578 1
6579 1
5100 2
7694 9
1340 1
7696 3
7697 2
7690 1
7691 1
7692 6
1341 2
7698 6
452 3
3834 1
3835 1
3836 5
3837 2
3830 11
3831 1
3832 3
3833 3
1344 9
3838 5
3839 1
1345 11
456 1
457 14
379 2
378 5
7520 1
7521 1
7526 1
7527 8
7524 3
7525 3
371 6
370 21
373 3
372 3
375 5
374 1
377 12
376 12
6143 1
6142 8
6141 4
6140 4
6147 1
6146 6
6145 5
6144 6
6149 7
6148 7
8110 11
8111 1
5104 20
8116 10
8117 4
8114 1
8115 1
5549 2
6500 1
2275 2
2274 2
2277 8
2276 3
2271 72
2270 2
2273 1
2272 1
2279 10
2278 2
5543 2
5545 4
2051 1
2050 47
2053 1
2052 8
2055 1
2054 1
2057 2
4829 2
2059 9
2058 14
4824 19
4537 1
4822 1
4531 5
4532 1
4821 2
7980 2
7981 1
7982 1
7983 6
7984 7
7985 4
7986 2
7987 15
7988 1
7989 1
9409 1
9408 2
8595 1
7324 14
7325 1
7326 1
3783 15
7320 5
7321 1
7322 4
7323 1
7328 1
7329 3
8858 2
8853 1
8852 1
8851 5
8850 3
7069 4
7068 1
7067 37
7066 4
7065 4
7064 3
7063 1
7062 1
7061 12
7060 3
8855 4
8854 1
3786 1
6961 7
6960 10
6963 2
6962 3
6965 2
6964 4
6967 10
6966 5
6969 1
6968 1
8154 13
8155 3
8152 8
8153 25
8150 1
8151 1
5899 1
8228 2
8229 1
6465 8
414 24
415 12
416 4
417 13
410 6
411 6
412 11
413 3
1384 16
1385 39
1386 1
1387 1
418 7
419 2
1382 5
1383 17
9194 1
8107 25
1775 11
1774 4
1777 4
5277 2
5270 2
1770 2
5463 54
5272 2
5273 2
5462 1
5278 2
5279 1
5465 1
6688 7
6689 2
6680 1
6681 2
6682 2
6683 3
6684 1
6685 1
5464 15
6687 25
2428 23
2429 1
2420 2
2421 15
2422 2
2423 5
2424 17
2425 1
2426 1
2427 1
7849 2
7848 16
7845 1
7844 7
7847 2
7846 1
5467 1
7840 11
7843 1
7842 2
6356 1
6357 1
6354 1
6355 1
6352 3
6353 4
6350 2
6351 18
6358 3
6359 4
3461 2
5466 5
9340 1
9341 1
9342 1
9343 2
9344 1
9345 1
9346 1
9347 1
9348 7
9349 1
3460 4
1814 47
1815 3
1816 18
1817 1
1810 1
1811 8
1812 22
1813 3
1818 5
1819 4
2165 1
2164 2
8109 2
2167 3
1609 24
1608 10
2166 5
3229 5
3228 2
1979 1
1978 4
1977 17
1976 1
1975 1
1974 2
1973 5
1972 2
1971 129
1970 15
2163 1
8108 1
4955 2
2848 1
2849 2
2846 1
2847 2
2844 1
2845 6
2842 9
2843 3
2840 30
2841 2
3320 1
3321 5
3322 1
3323 2
3324 13
3325 4
3326 1
3327 2
3328 51
3329 27
5478 2
5479 3
5519 16
5518 9
5511 12
3038 1
5513 2
5512 19
5515 1
5514 2
5517 3
1554 3
537 5
536 5
535 8
534 8
533 1
532 1
531 4
530 4
539 1
538 1
1908 45
1909 30
3294 8
1907 1
3296 6
6518 1
6519 1
1905 36
6510 3
1902 1
6512 2
6513 1
6514 2
6515 1
6516 3
3291 1
5131 3
1901 10
3812 23
3813 9
3810 2
3811 2
3816 1
3817 4
3814 1
3815 2
3818 1
3819 3
8457 1
8456 18
8455 10
8454 4
8453 1
8452 1
8451 1
8450 7
8459 1
8458 1
7548 26
7549 1
7540 1
7541 2
7542 1
7543 1
7544 3
7545 1
7546 1
7547 6
6169 1
6168 2
6161 3
6160 1
6163 6
6162 2
6165 3
6164 2
6167 4
6166 1
8856 1
2213 7
2212 1
2211 5
2210 2
2217 1
2216 1
2215 2
2214 4
2219 7
2218 2
6137 1
4518 4
4519 5
4512 1
4513 4
4510 1
4511 1
4516 1
4517 1
4514 2
4515 1
9429 2
9428 1
9421 1
9420 33
9423 1
9422 1
9425 2
9424 1
9427 1
9426 7
5289 1
5288 1
5281 4
5280 1
5283 1
5282 12
5285 7
5284 1
5287 2
5286 2
7615 31
9025 1
9024 3
9027 1
7302 1
7303 1
7300 6
7301 1
7306 5
7307 1
7304 4
7305 10
9285 3
9021 2
7308 2
7309 2
9281 1
9280 1
9283 1
9020 5
9023 1
9022 1
7045 3
7044 19
7047 6
7046 1
7041 8
7040 8
7043 7
7042 2
7049 6
7048 1
9108 2
8608 1
8609 2
6989 2
6988 1
6987 1
6986 4
6985 1
6984 41
6983 3
6982 5
6981 1
6980 2
9109 1
7693 1
2989 5
2988 8
2983 4
2982 1
2981 1
2980 5
2987 10
2986 1
2985 2
2984 25
1018 15
1019 1
1014 21
1015 2
1016 1
1017 27
1010 11
1011 1
1012 1
1013 12
4358 9
4359 3
4354 1
4355 15
4356 9
4357 5
4350 3
4351 4
4352 1
4353 4
438 14
439 5
436 6
437 11
434 20
435 124
432 5
433 1
430 9
431 9
1436 30
5708 4
5709 8
5704 1
5705 1
5706 4
5707 30
5700 1
5701 1
5702 3
5703 2
1437 6
8025 1
1050 3
1051 6
1052 1
1430 7
7829 1
5354 1
7823 4
1054 6
7821 28
7820 1
7827 1
7826 10
7825 3
1055 3
1056 1
1057 1
1431 3
9368 2
9369 1
9366 1
9367 4
9364 1
9365 2
9362 1
9363 1
9360 2
9361 1
8985 1
8984 1
8987 4
8986 1
8981 5
8980 1
8983 10
8982 15
8989 3
8988 2
1832 1
1833 29
1830 1
1831 5
1836 2
3798 1
1834 1
1835 27
3795 5
3794 2
1838 3
3796 1
3791 14
3790 21
3793 10
3792 12
4981 2
4980 2
4983 2
2157 4
4985 7
4984 1
2400 3
4986 14
4989 1
4988 10
2158 9
2159 2
2408 1
2409 4
1955 2
1954 7
1957 5
1956 1
1951 1
1950 3
1953 3
1952 5
1959 23
1958 2
3249 16
3248 2
3243 1
3242 1
3241 3
3240 3
3247 26
3246 15
3245 10
1990 7
4925 1
1993 16
1483 1
1482 14
1481 39
1480 1
1487 1
1486 26
1485 2
1484 3
3306 1
3307 6
1489 13
1488 23
3302 1
3303 3
3300 2
3301 2
1992 1
612 35
613 7
9396 6
610 24
1273 2
1995 41
1275 14
2060 2
614 31
2061 39
615 1
2062 6
2063 24
1994 3
2064 1
2065 5
519 1
518 2
2066 10
511 55
510 5
513 11
512 5
515 1
514 2
517 2
516 34
1227 71
1226 24
621 2
1224 4
1223 3
1222 4
1221 1
1220 3
629 7
628 10
1229 24
1228 2
6536 1
6537 41
6534 8
6535 2
6532 23
6533 1
6530 2
6531 4
8299 3
8298 1
8792 1
6538 2
6539 1
8793 2
8794 1
8795 1
8796 10
8797 1
3878 4
3879 1
3870 20
3871 1
3872 38
3873 68
3874 1
3875 4
3876 1
3877 2
8479 3
8478 8
8475 1
8474 1
8477 1
8476 1
8471 2
8470 4
8473 2
8472 7
7566 2
7567 1
7564 1
7565 1
7562 2
7563 1
7560 3
7561 1
7568 18
7569 1
4167 3
4166 1
4165 4
4164 2
4163 1
4162 5
4161 1
4160 4
4169 4
4168 10
8646 1
2239 8
2238 1
2231 15
2230 2
2233 15
2232 16
2235 1
2234 4
2237 24
2236 16
5937 2
5936 9
5935 1
5934 4
5933 1
5932 1
5931 6
5930 29
5939 3
5938 1
4608 109
3498 1
3499 1
3496 1
3497 5
3494 2
3495 1
3492 1
3493 3
3490 1
3491 7
2095 1
2094 1
4572 2
4573 1
2091 1
2090 7
4576 15
2092 4
4578 19
4579 4
7699 2
2099 1
2098 2
8423 1
4605 2
7368 1
7369 2
3333 4
7361 2
7362 5
7363 1
7364 2
7365 1
7366 3
7367 2
3 2
9121 2
7023 2
7022 1
7021 5
7020 1
7027 1
7026 1
7025 1
7024 4
7029 1
7028 1
9009 4
9008 3
9012 1
7594 7
9013 1
7799 1
7798 1
7791 2
7790 2
7793 1
7792 2
7795 1
7794 1
7797 3
7796 2
1038 5
1039 4
1032 18
1033 6
1030 1
1031 1
1036 38
1037 16
1034 5
1035 6
4378 1
4379 12
4372 10
4373 1
4370 1
4371 3
4376 3
4377 1
4374 26
4375 1
8660 1
8661 2
8662 1
8663 5
8664 1
8665 1
8666 2
8667 2
8668 2
8669 4
4080 1
4081 1
4082 1
4083 1
4084 2
4085 1
4086 1
4087 1
4088 7
4089 4
5728 1
5729 44
5722 6
5723 10
5720 1
5721 3
5726 1
5727 1
5724 11
5725 2
8084 1
8085 2
8086 10
8087 1
8080 1
8081 5
8082 1
8083 28
8088 1
8089 16
6648 13
6649 10
6644 7
6645 10
6646 2
6647 2
6640 1
6641 1
6642 2
6643 1
7801 4
7800 1
7803 12
7802 4
7805 5
7804 1
7807 5
7806 1
7809 1
7808 2
6398 2
6399 2
6392 1
6393 1
6390 7
6391 1
6396 9
6397 4
6394 2
6395 1
2396 8
2397 14
2394 2
2395 7
2392 4
2393 1
2390 3
2391 5
2398 71
2399 18
1858 1
1859 6
5693 12
1850 13
1851 8
1852 12
1853 8
1854 2
1855 8
1856 20
1857 2
2172 2
2173 1
2170 9
2171 1
2176 1
2177 19
2174 8
2175 14
4967 27
4966 1
4965 1
2179 1
4963 2
4962 3
4961 9
4960 1
1421 6
5694 2
1420 3
5695 1
5430 1
1933 4
1932 4
1931 3
1930 2
5128 10
1936 1
1935 2
1934 3
5124 5
3268 15
1939 7
1938 16
5120 24
5121 9
5122 6
5123 16
7944 6
1427 46
7945 5
1426 1
7946 1
1429 3
7947 5
1428 2
7940 3
3366 1
7941 2
3367 3
7230 4
7943 1
6886 10
6887 1
6884 1
6885 13
6882 7
6883 1
6880 1
6881 1
6888 1
6889 11
605 25
604 2
607 1
606 2
601 4
600 2
603 9
602 1
1205 4
1204 1
1207 5
1206 2
609 2
608 1
1203 2
1202 4
8106 15
8279 2
8278 2
8277 1
8101 1
8275 1
8274 2
8273 22
8272 1
8271 3
8100 1
1353 3
1352 10
1351 2
1350 3
461 1
1356 11
8419 1
8418 1
463 3
8413 2
8412 1
8411 1
462 37
8417 1
8416 4
8265 1
8414 1
7588 1
7589 9
5554 3
7584 7
7585 9
7586 2
7587 2
7580 1
7581 4
7582 1
7583 4
5552 1
6950 1
6951 2
6952 1
6953 2
4149 2
4148 7
4145 15
4144 16
4147 2
4146 17
4141 25
4140 1
4143 1
4142 2
3856 3
3857 6
3854 3
3855 7
3852 3
3853 13
3850 1
3851 22
6957 4
3858 1
3859 6
1062 14
5919 21
5918 9
5915 1
5914 2
5917 1
5916 6
5911 7
5910 8
5913 1
5912 3
4558 4
4559 4
4556 1
4557 1
4554 18
4555 4
4552 7
4553 18
4550 1
4551 7
8582 1
6077 7
6076 1
6075 19
6074 1
6073 3
6072 9
6071 13
6070 1
6079 13
6078 5
2617 3
2616 4
2615 30
2614 2
2613 7
2612 21
2611 1
2610 2
2619 4
2618 6
7346 1
7347 3
7344 1
7345 4
7342 1
7343 3
7340 3
7341 3
7348 1
7349 2
1186 17
1187 6
7009 1
7008 2
9029 1
9028 2
7001 1
7000 32
7003 5
7002 1
7005 1
7004 3
7007 1
7006 2
1184 2
740 1
741 25
742 4
743 1
744 1
745 21
746 1
747 3
748 32
749 2
1185 4
2949 2
2948 4
2947 3
2946 1
2945 12
2944 9
2943 19
2942 2
2941 3
2940 19
5357 3
5356 2
5355 2
1053 1
5353 1
5352 1
5351 3
5350 4
1058 5
1059 9
9387 1
5359 20
5358 4
4310 2
4311 21
4312 1
4313 1
4314 1
4315 8
4316 1
4317 1
4318 31
4319 1
1180 4
3119 14
3118 23
3117 1
3116 1
3115 3
3114 1
3113 6
3112 2
3111 8
3110 2
8648 9
8649 1
5795 1
8647 1
8644 1
8645 2
8642 5
8643 2
8640 4
8641 2
1181 9
5740 2
5741 2
5742 10
5743 1
5744 1
5745 8
5746 2
5747 17
5748 1
5749 2
5267 35
9380 1
5266 2
1702 4
1703 62
5263 3
5262 1
5261 14
5260 1
5794 1
2137 2
6668 4
6669 4
6662 1
6663 1
6660 1
6661 1
6666 1
6667 1
6664 5
6665 8
7 1
1602 10
9127 1
2135 2
2378 56
2379 1
2374 46
2375 20
2376 1
2377 3
2370 2
2371 1
2372 6
2373 5
1876 6
1877 1
1874 1
1875 1
1872 2
1873 3
1870 38
1871 13
1878 8
1879 7
4945 4
4944 3
4947 2
4946 24
4941 5
4940 3
4943 5
4942 1
4949 2
4948 6
2118 11
2119 16
6041 1
2110 22
2111 14
2112 4
2113 3
2114 16
2115 1
2116 12
2117 1
1919 2
1918 1
5108 33
5109 1
3289 30
3288 3
5102 3
5103 11
1913 17
5101 12
5106 1
3282 2
3281 2
3280 1
883 1
882 51
881 1
880 17
887 3
886 1
885 1
884 1
889 2
888 3
5245 2
7504 1
7505 13
7506 1
7507 2
7500 2
5792 4
8766 3
7501 4
7502 1
6616 129
7503 4
6868 5
6869 1
6864 1
6865 1
6866 1
6867 1
6860 1
6861 1
6862 7
6863 31
9270 1
9238 1
9239 2
8255 1
8254 1
1269 20
1268 1
8251 3
8250 2
669 6
668 18
667 1
1262 3
665 7
664 2
663 3
662 1
1265 5
1264 1
1911 2
8789 1
8788 9
1910 16
8783 6
8782 1
8781 1
8780 1
8787 3
3285 1
8785 13
8784 1
3284 29
7618 1
7619 1
7614 9
3283 2
7616 3
7617 2
7610 1
7611 1
7612 18
5107 8
1917 1
5105 9
8431 2
8430 1
8433 2
8432 1
8435 4
8434 1
8437 1
8436 4
8439 2
8438 1
6124 2
9131 2
8516 7
8517 1
8514 5
8515 1
8512 2
8513 1
4129 1
4128 1
8510 3
4123 2
4122 1
4121 2
4120 6
4127 2
4126 1
4125 15
4124 19
5689 2
5688 3
5685 1
5684 2
5687 1
5686 2
5681 1
5680 2
5683 2
5682 18
8760 1
5979 1
5978 3
5973 26
5972 1
5971 1
5970 2
5977 2
5976 9
5975 5
5974 7
2587 2
2586 5
2585 3
2584 8
2583 2
2582 4
2581 25
2580 3
2589 1
2588 1
280 12
6059 3
6058 1
6055 4
6054 2
6057 6
286 2
6051 3
6050 1
6053 1
6052 2
2639 29
2638 4
2635 9
2634 1
2637 1
2636 1
2631 1
2630 27
2633 1
2632 2
9229 4
9228 1
9227 2
9226 3
9225 2
9224 1
9223 1
9222 1
9221 2
9220 3
9049 1
9048 1
9043 1
9042 1
9041 1
9040 1
9047 1
9046 1
9045 1
9044 3
3544 15
3545 2
3546 3
3547 12
3540 1
3541 1
3542 1
3543 1
3548 1
3549 16
2965 1
2964 22
2967 1
2966 1
2961 6
2960 1
2963 1
2962 3
762 4
763 5
760 1
761 1
2969 2
2968 4
764 18
765 3
5379 3
5378 2
1078 30
1079 4
5375 11
5374 2
5377 10
1075 7
5371 3
5370 25
5373 6
5372 2
5583 1
4338 5
4339 1
4336 1
4337 2
4334 1
4335 12
4332 21
4333 1
4330 10
4331 1
3135 8
5182 1
3137 7
3136 3
3131 1
3130 4
3133 4
3132 14
3139 1
3138 11
1533 1
5183 2
5180 3
5768 1
5769 1
5766 7
5767 4
5764 3
5765 11
5762 8
5763 1
5760 6
5761 14
1531 1
5181 1
8192 1
8193 1
5186 2
8190 1
8191 7
2256 3
8196 1
8197 3
8194 2
5187 1
8195 1
2978 17
7427 1
7426 1
7425 5
2979 5
7423 2
7422 1
7421 1
7420 3
2250 3
7429 1
7428 3
5184 1
6600 1
6601 1
6602 21
6603 2
6604 6
6605 21
6606 1
6607 1
6608 2
6609 23
5185 1
2974 1
2975 6
5362 2
4570 1
1042 1
5360 1
5361 1
5366 3
5367 6
4571 1
5364 1
5365 29
2358 1
2359 35
2352 9
2353 2
2350 1
2351 3
2356 1
5368 16
2354 28
2355 4
5369 6
1898 2
1899 3
3739 1
3738 1
3737 24
3736 90
3735 10
3734 3
3733 12
1891 13
3731 1
3730 1
4691 1
4690 11
4693 2
4692 2
4695 4
4694 7
4697 1
4696 5
4699 1
4698 23
4929 13
4928 2
2138 2
2139 24
5160 11
5161 2
5162 35
5163 32
5164 3
5165 4
5166 3
4801 1
5168 1
5169 4
2787 18
4803 5
2781 23
2780 28
2783 1
2782 1
8257 1
8256 11
8253 7
8252 1
9467 5
1263 10
9466 4
666 3
1261 7
1799 1
1798 1
1793 6
1267 1
1791 1
1790 8
1797 2
1796 3
1795 36
1794 5
6848 2
6849 5
661 2
6842 1
6843 28
6840 1
660 2
6846 1
6847 1
6844 4
6845 1
9469 3
9468 1
6590 1
6591 14
6592 1
6593 9
6594 3
6595 3
6596 1
6597 1
6598 3
6599 2
8239 17
8238 3
7638 1
7639 1
7632 1
7633 8
7630 3
7631 1
7636 7
7637 1
7634 3
7635 1
5344 3
9169 1
5345 9
1241 1
3093 8
3090 20
3091 1
3096 20
3097 15
3094 1
1530 2
1249 15
648 1
3098 3
3099 1
5346 2
1539 14
1538 9
4101 1
4100 2
4103 24
4102 1
4105 1
4104 16
4107 1
4106 11
4109 2
4108 46
7613 1
3898 26
3899 1
3892 1
3893 22
3890 1
3891 1
3896 1
3897 12
3894 8
3895 2
5341 1
8741 1
5951 35
5950 4
5953 1
5952 1
5955 1
5954 1
5957 7
5956 4
5959 1
5958 9
9167 16
1454 4
1991 1
1455 3
5774 3
6039 5
6038 3
6033 1
6032 5
6031 8
6030 1
6037 1
6036 55
6035 2
6034 1
9205 6
9204 1
2659 2
2658 2
9201 1
9200 1
9203 1
9202 2
2653 4
2652 1
2651 27
2650 4
2657 1
2656 3
2655 1
2654 5
7388 1
7389 1
7382 3
7383 1
7380 1
7381 7
7386 11
7387 1
7384 1
7385 10
5758 4
9061 5
9060 2
9063 1
9062 4
9065 1
1452 1
9067 10
9066 8
9069 1
9068 1
3562 2
3563 4
3560 1
1453 7
3566 8
3567 14
3564 5
3565 10
3034 4
3568 2
3569 1
4484 1
4485 2
4486 1
4487 1
4480 8
4481 4
4482 35
4483 1
4488 4
4489 3
2903 15
2902 2
2901 14
2900 1
708 6
709 9
2905 13
147 1
704 5
705 8
706 3
2908 1
700 1
701 6
702 3
703 3
2486 2
5319 1
5318 40
5313 34
5312 3
5311 1
141 12
5317 2
5316 2
5315 2
5314 2
2487 4
3214 1
1987 35
1984 2
3153 4
3152 7
3151 1
3150 9
3157 3
3156 1
3155 1
3154 4
1982 4
3159 10
3158 1
1983 2
1980 16
1981 8
1260 4
1639 1
2482 1
1459 46
1266 7
2483 1
2480 1
8574 3
8575 1
8576 1
8577 7
8570 1
8571 1
8572 1
8573 18
8578 2
8579 1
7409 1
7408 10
7405 10
7404 1
7407 4
7406 1
7401 1
7400 16
7403 7
7402 2
568 7
569 1
2816 1
6628 1
6629 1
6626 1
6627 14
6624 2
6625 1
6622 11
6623 1
6620 6
6621 1
564 2
565 42
4714 1
4715 1
4716 1
4717 1
4710 15
4711 2
4712 13
2337 2
2338 1
2339 3
4718 1
4719 1
3715 17
3714 2
3717 1
3716 1
3711 11
3710 5
3713 3
3712 1
3719 3
3718 6
8189 4
4909 3
4908 6
4679 1
4678 6
4901 5
4676 2
4903 4
4674 1
4673 6
4904 2
4671 2
4670 3
7437 1
8188 1
5148 3
5149 1
5146 1
5147 6
5144 1
5145 3
5142 6
5143 1
5140 1
5141 2
120 1
121 1
122 1
123 1
124 7
125 2
126 6
127 12
128 34
129 2
7957 10
1188 1
7956 8
1189 1
7955 1
3377 30
7954 1
3376 8
7953 9
3375 2
7224 2
3374 1
7951 3
5421 8
7950 8
3372 1
9164 1
3371 1
9165 1
3370 9
7247 1
7246 3
7245 1
7244 4
7243 1
7242 1
7241 23
7240 1
7249 2
7248 1
9162 2
9163 2
6820 2
6821 1
6822 6
6823 1
6824 1
6825 8
6826 2
6827 2
6828 20
6829 24
8817 1
8816 1
8815 1
6676 1
8813 3
8812 1
8811 1
8810 6
8819 1
8818 11
8219 20
8170 2
8749 1
8171 1
8211 1
8210 3
8213 1
8212 1
8215 10
8172 1
8217 1
8216 1
7650 3
7651 1
7652 1
7653 1
7654 2
7655 1
7656 1
7657 6
7658 2
7659 2
8175 4
1997 3
8176 1
8177 1
3393 1
1519 1
1518 12
3392 2
1515 2
1514 11
1517 37
1516 7
1511 1
1510 7
1513 3
1512 4
3395 3
8899 1
3394 16
3397 1
3396 1
263 3
262 2
261 1
260 15
267 9
266 1
265 7
264 1
269 1
268 1
6011 20
6010 1
6013 35
6012 1
6015 1
6014 1
6017 5
6016 18
6019 3
6018 2
9263 10
9262 1
988 40
989 5
9267 1
9266 3
9265 1
9264 1
982 12
983 6
980 2
981 42
986 7
987 4
984 1
985 3
1388 13
9089 5
9088 1
9087 1
9086 1
9085 6
9084 1
9083 6
9082 6
9081 1
9080 2
1389 7
3508 2
3509 1
5089 2
5088 21
5083 12
5082 4
5081 1
5080 1
5087 3
5086 1
5085 7
5084 1
2671 1
2670 5
2673 1
2672 2
2675 2
2674 3
2677 52
2676 10
2679 8
2678 1
1209 1
2929 3
2928 21
2921 7
2920 55
2923 1
2922 1
2925 13
2924 28
2927 4
2926 1
5331 2
5330 3
5333 2
5332 1
5335 2
5334 17
5337 2
5336 8
1208 1
5338 4
3179 19
3178 13
2037 8
3171 6
3170 2
3173 12
3172 2
3175 2
3174 2
3177 1
3176 18
726 2
727 14
724 1
725 3
722 8
723 27
720 12
721 6
728 4
729 8
1164 23
1165 8
1166 19
1167 7
1160 14
1161 3
1162 5
1163 12
1168 10
1169 1
2035 2
1366 4
3196 1
2034 4
1380 1
471 16
476 24
2785 16
477 2
1713 7
474 3
1712 2
2033 13
9235 8
1711 29
1381 1
8552 1
8553 1
8550 1
1710 10
8008 4
8009 1
8554 4
8555 1
8004 5
2784 1
8006 1
8007 1
8000 1
8001 2
8002 6
1716 16
1715 1
2032 8
1714 1
7469 1
7468 4
1368 4
7463 1
3728 1
7461 7
1369 3
7467 8
1719 15
7465 11
1864 4
1718 1
2031 3
9389 6
1869 12
2786 4
1868 1
2030 1
4930 1
4931 5
4932 3
4933 3
4934 2
4935 1
4732 7
4733 3
4730 5
4731 1
4736 1
4737 1
2318 5
2319 11
2316 6
2317 12
2314 16
2315 73
2312 1
2313 1
2310 5
2311 8
5854 2
5855 2
5856 2
5857 1
5850 26
5851 4
5852 4
5853 1
5858 2
5859 5
3773 1
3772 1
3771 1
3770 2
3777 1
3776 4
3775 2
3774 2
3779 4
3778 12
4655 14
4654 4
4657 1
4656 2
4651 16
4650 19
4653 1
4652 14
4659 3
4658 3
7889 1
7888 1
7881 7
7880 2
7883 2
7882 1
7885 1
7884 3
7887 1
7886 1
108 9
109 12
102 3
103 4
100 3
101 2
106 4
107 1
104 14
105 1
6056 3
7517 1
7269 1
7268 1
7516 1
7265 1
7264 1
7267 2
7266 2
7261 1
7260 3
7263 19
7262 2
6204 1
6205 2
6206 29
6207 18
6200 8
6201 1
6202 6
6203 1
7513 13
6208 4
6209 2
7512 1
7511 1
6808 7
6809 1
6806 21
6807 2
6804 4
6805 10
6802 1
6803 17
6800 1
6801 6
8839 1
8838 5
8835 1
8834 1
8837 2
8836 5
8831 2
8830 1
8833 1
8832 3
7678 4
7679 2
7676 26
7677 1
7674 1
7675 1
7672 1
7673 1
7670 1
7671 2
1759 2
1758 31
1757 29
1756 2
1755 9
1754 13
1753 6
1752 3
1751 13
1750 5
1285 2
1284 2
1287 4
1286 26
1281 57
1280 5
1283 1
1282 1
1289 7
1288 4
8765 2
8764 1
1579 1
1578 4
689 1
688 3
8763 5
8762 1
685 20
684 2
687 18
686 15
681 3
680 3
683 3
682 3
8501 2
8500 1
1240 3
8503 7
8502 15
8505 2
8504 1
8507 6
5629 16
5628 9
5627 3
1243 24
5625 4
5624 3
5623 1
5622 34
5621 2
5620 5
8493 1
8492 1
8491 29
8490 1
8497 2
8496 1
8495 1
8494 1
8499 1
8498 1
1242 21
5995 1
5994 1
5997 2
5996 1
5991 4
5990 2
5993 1
5992 4
5999 1
5998 1
7499 29
1244 2
6781 1
6780 1
6783 91
6782 1
6785 1
6784 4
6787 3
6786 1
6789 1
6788 1
1246 6
7498 1
245 7
244 23
247 3
246 2
241 9
240 3
243 4
242 13
249 2
248 33
7493 1
7490 1
9249 1
9248 2
7491 11
9241 1
9240 1
9243 3
9242 1
9245 1
9244 6
9247 2
9246 1
3698 1
3699 1
3690 1
3691 3
3692 1
3693 9
3694 19
3695 3
3696 4
3697 6
2156 2
3526 6
3527 6
3524 4
3525 7
3522 1
3523 5
3520 1
3521 49
3528 1
3529 4
1364 1
338 9
2150 31
2699 1
2698 9
2697 31
2696 2
2695 5
2694 4
2693 7
2692 5
2691 32
2690 2
1362 2
2152 2
1363 1
2153 7
1360 1
1361 2
1142 59
1143 3
1140 22
1141 4
1146 15
1147 3
1144 4
1145 2
1148 1
1149 14
768 36
769 2
336 9
7199 1
7198 2
7193 2
7192 1
7191 1
7190 2
7197 1
7196 4
7195 3
7194 11
6402 3
6403 10
766 2
6400 2
767 1
8538 1
8539 1
8028 1
6401 2
8022 2
6406 3
8020 5
8021 2
8026 2
8027 1
8024 1
6407 2
7441 5
7440 5
7443 3
7442 1
7445 2
6404 6
7447 9
7446 1
7449 27
7448 3
6405 20
8185 2
8184 1
8187 1
8186 7
4282 10
4283 4
4280 1
4281 2
4286 10
4287 10
4284 2
4285 1
4288 2
4289 2
380 10
381 20
382 1
383 13
384 2
385 4
386 1
387 19
388 1
389 2
4758 5
4759 5
4750 1
4751 1
4752 3
4753 4
4754 7
4755 1
4756 1
4757 6
5872 3
1076 5
5870 1
5871 1
5876 4
5877 4
5874 21
1077 19
5878 7
5879 1
1074 28
3759 1
3758 1
5376 7
3751 1
3750 5
3753 13
3752 2
3755 6
3754 7
3757 6
3756 3
4633 3
2191 1
4631 3
4630 2
2194 3
2195 7
2196 1
2197 4
2198 20
2199 3
4639 3
1071 31
4813 12
4812 3
4811 1
4810 1
168 4
169 1
164 30
165 1
166 3
167 3
160 2
161 46
162 30
163 10
4815 3
4814 2
6194 2
6195 2
6196 4
6197 1
6190 1
6191 1
6192 3
6193 3
6198 4
6199 1
2734 1
2735 1
2736 3
2737 28
2730 1
2731 50
2732 16
2733 1
2738 1
2739 12
9186 1
9187 1
9184 1
9185 4
9182 3
9183 1
9180 4
9181 4
8224 1
9188 5
8225 4
7209 1
7208 2
7203 11
7202 1
7201 9
7200 1
7207 1
7206 1
7205 29
7204 2
6222 2
6223 1
6220 3
6221 4
6226 7
6227 3
6224 7
6225 2
6228 1
6229 1
6370 1
5558 12
3134 21
809 13
808 9
803 42
802 11
801 1
800 7
807 8
806 33
805 11
804 2
8604 2
9284 2
5274 3
5275 3
5276 1
1776 4
1771 3
5271 6
1773 4
1772 1
1779 1
1778 2
9287 5
9286 1
1551 9
1550 2
1553 45
1552 25
1555 1
3039 1
1557 1
1556 3
1559 23
1558 2
3036 14
3037 6
3030 4
3031 13
3032 7
3033 2
8703 10
8702 1
8701 1
8700 4
8707 2
8706 1
8705 2
8704 6
8709 2
8708 1
5605 5
5604 1
5607 4
5606 2
5601 2
5600 1
5603 6
5602 3
5609 3
5608 2
9282 2
6424 4
6425 6
6426 1
6427 5
6420 3
6421 1
6422 4
6423 2
6428 39
6429 1
6769 7
6768 6
6767 1
6766 5
6765 4
6764 2
6763 1
6762 1
6761 2
6760 6
229 113
228 9
227 2
226 1
225 10
224 1
223 2
222 1
221 14
220 2
2509 4
2508 16
2507 3
2506 10
2505 3
2504 27
2503 2
2502 4
2501 10
2500 9
5049 2
5048 1
5047 2
5046 2
5045 2
5044 4
5043 6
5042 4
5041 1
5040 6
2160 1
8696 4
1256 5
1257 13
1254 1
0 1
1255 6
1520 8
1253 7
3207 11
1250 7
3206 36
1251 7
3205 15
3204 1
3203 1
3202 32
3201 2
1996 5
5188 2
1128 6
1129 29
5189 1
1120 1
1121 8
1122 2
1123 18
1124 6
1125 89
1126 1
1127 171
8040 6
8041 3
8042 4
8043 5
8044 1
8045 1
8046 1
8047 1
8048 1
8049 1
8518 2
8519 2
2864 3
2865 2
2868 1
2869 5
4776 3
4777 10
4774 11
4775 3
4772 2
4773 4
4770 1
4771 1
4778 6
4779 1
5818 9
5819 1
5810 2
5811 34
5812 4
5813 12
5814 1
5815 1
5816 1
5817 5
4619 13
4618 4
4611 1
4610 45
4613 1
4612 2
4615 1
4614 1
4617 1
4616 62
2705 1
7424 1
7152 2
2704 16
2707 10
146 14
5458 1
144 5
145 1
142 2
143 9
140 12
5459 9
4884 14
148 7
149 17
4886 15
2702 1
3092 3
3342 22
3343 1
5452 1
2712 7
2713 3
2710 1
2711 1
2716 23
2717 10
2714 2
2715 17
3346 1
2718 2
2719 1
3347 1
7221 2
7220 14
7223 1
7222 1
7225 9
3344 1
7227 2
7226 1
7229 2
7228 2
9166 1
3345 1
9160 1
9161 1
7959 2
7958 3
9174 1
6248 1
6249 2
6240 4
6241 4
6242 9
6243 1
6244 3
6245 3
6246 3
6247 1
8871 1
8870 1
8873 20
8872 1
8875 5
8874 1
8877 1
8876 10
8879 1
8878 1
829 1
828 5
825 1
824 12
827 3
826 18
821 1
820 2
823 1
822 3
8163 8
8162 2
8161 5
8160 1
8167 1
8166 1
5252 4
5253 23
5250 1
5251 2
5256 1
5257 1
5254 2
5255 7
5258 5
5259 1
5942 8
3018 5
3019 8
3012 2
3013 1
3010 27
3011 12
3016 6
3017 4
3014 1
3015 1
8729 3
8728 1
8721 1
8720 1
8723 1
8722 1
8725 4
8724 3
8727 1
8726 3
4189 13
4188 1
4181 26
4180 2
4183 2
4182 1
4185 12
4184 2
4187 1
4186 15
5663 2
5662 3
5661 2
5660 16
5667 2
5666 3
5665 1
5664 22
5669 5
5668 3
9385 1
9386 1
11 4
10 1
13 3
12 2
15 8
14 6
17 8
16 11
19 9
18 2
6408 4
6409 1
8181 1
8180 4
8183 7
8182 6
7764 6
7765 1
7766 6
7767 1
7760 2
7761 2
7762 3
7763 6
7768 1
7769 1
3904 13
3905 14
3906 1
3907 5
3900 1
3901 12
3902 4
3903 9
3908 1
3909 1
6745 3
6744 1
6747 11
6746 1
6741 1
6740 1
6743 7
6742 1
6749 24
6748 25
9381 1
201 4
200 3
203 13
202 2
205 13
204 1
207 9
206 23
209 4
208 12
830 9
9382 10
831 7
836 6
837 10
834 5
835 5
9383 2
8885 1
8886 1
8887 1
8880 2
8881 1
3658 18
3659 1
3654 3
3655 1
3656 7
3657 2
3650 3
3651 2
3652 2
3653 37
2525 1
2524 3
2527 14
2526 28
2521 1
2520 1
2523 1
2522 8
2529 2
2528 1
5065 5
5064 1
5067 36
5066 2
5061 3
5060 1
5063 2
5062 3
5069 16
5068 2
4408 1
4409 3
4404 11
4405 1
4406 2
4407 1
4400 12
4401 10
4402 1
4403 4
928 38
929 1
920 1
921 7
922 6
923 53
924 9
925 3
926 3
927 21
5393 5
5392 1
5391 25
5390 1
5397 9
5396 16
5395 1
5394 2
5399 1
5398 6
7451 1
8991 2
784 1
785 1
786 15
787 4
780 32
781 3
782 9
783 60
788 57
789 1
9399 2
2357 38
1371 10
7159 2
1370 1
7157 3
7156 1
7155 1
7154 4
7153 1
1373 1
7151 2
7150 1
404 41
403 1
8602 26
402 3
8546 4
401 4
8068 1
8069 10
8066 4
8067 1
8064 1
1376 8
8062 1
8063 1
8060 1
8061 1
7485 19
7484 1
7487 8
7486 1
7481 1
7480 1
7483 1
7482 1
8603 1
9393 1
7489 3
7488 2
9392 2
2899 1
2898 2
2895 3
2894 13
2897 5
2896 14
2891 4
2890 1
2893 4
2892 1
1106 3
1107 2
1104 4
1105 2
1102 1
1103 1
1100 1
1727 3
1458 3
1724 4
1108 8
1109 4
1725 1
5241 4
5240 14
1894 1
8601 6
5243 1
1895 4
5242 2
1896 2
1897 4
1890 6
1837 3
3732 4
1892 3
1893 2
2136 1
4922 1
4921 1
4920 3
4798 34
4799 1
4794 1
4795 12
4796 2
4797 6
4790 3
4791 3
4792 4
2133 1
5836 4
5837 10
5834 1
5835 2
5832 6
2130 1
5830 7
5831 3
2131 1
5838 1
5839 1
8128 5
2668 4
4 2
2669 1
6901 2
8891 1
8890 1
2778 12
2779 1
4899 2
4898 2
2770 1
2771 4
2772 1
4890 3
2774 25
2775 1
2776 1
2777 5
9148 1
3286 19
7979 1
7978 10
7975 4
7974 3
7977 3
7976 1
7971 1
7970 1
7973 1
7972 1
6266 1
6267 1
6264 1
6265 2
6262 2
6263 2
6260 1
6261 6
5167 7
6268 1
6269 1
7528 1
847 3
846 6
3465 6
844 4
843 2
842 10
841 7
840 11
8897 2
8896 1
8895 1
7158 1
8893 2
8892 1
849 4
848 5
4902 1
2406 2
4905 1
2407 2
1739 1
1738 1
1731 9
1730 1
1733 6
5233 3
5234 3
5235 1
1737 4
1736 49
3070 2
3071 18
1597 2
1596 4
3074 30
3075 6
1593 3
1592 13
3078 25
3079 4
1599 2
1598 1
4906 2
2403 8
5649 1
5648 1
5641 2
5640 1
5643 7
5642 3
5645 3
5644 4
5647 5
5646 1
8065 2
4826 7
489 2
488 35
487 1
486 3
485 3
484 1
483 1
482 5
481 1
480 5
6468 3
6469 26
6460 13
6461 1
6462 2
6463 3
6464 1
4827 1
6466 2
6467 10
7742 1
7743 1
7740 2
7741 1
7746 2
7747 3
7744 2
7745 2
7748 6
7749 7
3922 1
3923 13
3920 12
3921 10
3926 9
3927 28
3924 23
3925 1
3928 1
3929 17
6723 2
6722 1
6721 11
6720 3
6727 1
6726 1
6725 17
6724 4
6729 1
6728 2
8309 5
8308 3
5655 4
6099 11
6098 14
6091 23
6090 1
6093 2
6092 4
6095 19
6094 2
6097 1
6096 4
3678 5
3679 2
3672 1
3673 4
3670 8
3671 15
3676 1
3677 1
3674 1
3675 1
2543 9
2542 15
2541 1
2540 1
2547 1
2546 1
2545 8
2544 25
2549 4
2548 1
1456 1
1457 8
1450 1
1451 1
5003 4
3581 1
3582 6
3583 11
3584 1
3585 76
3586 7
3587 2
3588 1
3589 3
5009 4
1101 11
8747 1
902 1
903 4
900 4
901 1
906 1
907 1
904 5
905 3
4422 21
4423 1
908 5
909 1
4426 8
4427 3
4424 3
4425 3
8746 1
3293 4
8743 1
8934 3
8935 5
8936 1
8937 5
8742 6
8931 1
7824 13
8933 1
8938 4
8939 1
7175 1
7174 2
7177 1
7176 1
7171 5
7170 2
7173 1
7172 2
7179 4
7178 10
2916 1
718 2
1696 1
1697 1
1694 2
1695 1
1692 3
1693 8
1690 2
1691 1
1698 5
1699 1
1472 4
1473 1
1470 1
1471 10
1476 8
1477 1
1474 15
1475 6
1478 1
1479 11
4228 33
4229 10
8624 1
4224 3
4225 8
4226 13
4227 24
4220 2
4221 4
4222 6
4223 1
24 1
25 4
26 7
27 25
20 1
21 15
22 11
23 2
28 8
29 2
5588 1
5589 55
8625 4
1069 1
1068 1
1061 10
1060 7
1063 8
4923 2
1065 5
1064 2
1067 2
1066 7
2288 1
2289 2
2280 1
2281 1
2282 5
2283 1
2284 3
2285 1
2286 2
2287 6
4538 15
4539 1
8314 1
4828 1
8315 5
2056 1
8316 1
4534 1
8317 2
4535 2
8310 1
4927 8
4536 3
8311 2
9120 2
8233 1
9122 1
4825 36
9124 1
8312 2
9126 3
8232 1
9128 1
4530 1
8313 1
8231 1
4823 12
7759 2
7919 18
7918 2
4820 1
7913 19
4926 13
7911 4
4533 1
7917 1
7916 1
7915 7
7914 1
9403 1
6288 1
6289 8
9402 1
6284 6
6285 1
6286 1
6287 4
6280 11
6281 1
6282 6
6283 3
182 56
183 6
180 4
181 4
186 10
187 3
184 8
185 7
9407 3
188 1
189 3
9406 1
9405 2
9404 1
4924 2
6362 5
5833 1
869 4
868 5
652 2
3449 1
3448 7
861 1
860 1
863 1
3446 3
3441 1
3440 1
867 3
866 1
2024 1
2025 8
2026 2
2027 1
2020 27
2021 21
2022 3
2751 1
6364 1
2028 1
2029 3
2758 1
2759 1
9334 1
5216 27
5217 1
5214 2
5215 1
5212 2
5213 10
5210 3
5211 1
5218 5
5219 25
9332 5
9338 1
3058 2
3059 1
3056 22
3057 8
3054 5
3055 1
3052 11
3053 1
3050 8
3051 14
4597 1
8 3
1317 1
1316 1
1315 8
1314 11
1313 1
1312 7
1311 1
1310 6
1319 66
1318 1
6446 3
6447 11
6444 1
6445 2
6442 13
6443 5
6440 1
6441 1
6918 2
6919 10
6448 8
6449 2
7728 1
7729 7
7720 1
7721 1
7722 5
7723 1
7724 2
7725 9
7726 1
7727 1
3948 1
3949 5
3940 1
3941 1
3942 20
3943 6
3944 3
3945 11
3946 3
3947 4
6709 5
6708 1
8329 1
8328 2
6701 11
6700 2
6703 1
6702 7
6705 1
6704 1
6707 1
6706 4
7535 1
7534 1
4057 11
4056 2
4055 12
4054 1
4053 1
4052 2
4051 5
4050 3
4059 3
4058 1
3610 50
3611 18
3612 4
3613 1
3614 8
3615 28
3616 5
3617 9
3618 1
3619 1
7536 10
2569 4
2568 15
2561 1
2560 1
2563 2
2562 5
2565 15
2564 5
2567 6
2566 1
5029 7
5028 2
5021 6
5020 1
5023 4
5022 11
5025 1
5024 4
5027 2
5026 2
4440 3
4441 4
4442 11
4443 2
4444 2
4445 5
4446 1
4447 29
4448 23
4449 16
964 9
965 4
966 25
967 2
960 1
961 3
962 1
963 38
968 30
969 1
7532 2
1537 1
1536 1
1535 24
1534 1
1245 2
1532 1
1247 8
3095 4
649 9
7327 6
1248 2
3236 1
5198 3
3234 5
3235 4
641 1
8912 1
5195 38
8910 3
8911 2
8916 1
8917 1
8914 1
5194 1
8918 1
8919 1
1614 3
1615 1
1960 3
640 1
5190 1
7113 1
7112 2
7111 1
7110 4
7117 1
5193 2
7115 1
7114 1
7119 3
1963 18
643 2
1678 15
1679 4
1674 5
1675 1
1676 14
1677 7
1670 2
1671 54
1672 17
1673 4
642 7
645 1
1418 6
1419 1
1410 1
1411 6
1412 24
1413 4
1414 1
1415 2
1416 3
1417 2
644 1
4208 7
4209 3
4202 2
4203 3
4200 6
4201 14
4206 4
4207 2
4204 6
4205 1
647 51
5568 2
5569 2
5564 2
5565 29
5566 6
5567 1
5560 3
5561 3
5562 4
5563 1
646 5
308 14
309 3
300 67
301 1
302 8
303 17
304 4
305 1
306 16
307 8
472 33
4893 1
4892 3
4891 3
2773 24
4897 4
7415 3
4896 1
4895 4
4894 1
6118 3
6119 5
6114 1
6115 1
6116 1
6117 1
6110 8
6111 1
6112 19
6113 2
9149 1
7283 2
7282 2
7281 2
7280 1
7287 4
7286 7
7285 1
7284 2
7939 1
7938 1
7289 1
7288 4
9102 2
9103 1
9100 1
9101 4
9142 1
9143 1
9140 1
9141 1
9146 1
9147 1
9144 2
9145 1
3429 2
3428 1
3423 9
3422 2
3421 1
3420 6
3427 1
3426 1
3425 4
3424 2
2002 2
2003 1
2000 6
2001 1
4589 3
2007 1
2004 1
4858 1
4585 1
4856 1
4587 4
4586 1
4853 2
4852 20
4851 7
4850 17
8628 4
8629 12
8158 3
8159 1
8156 5
8157 1
7392 2
8626 1
8627 2
8620 1
8621 3
8622 1
8623 4
1906 20
1087 22
1086 2
1085 17
1084 1
1083 10
1082 5
1081 34
1080 9
1089 1
1088 1
8859 2
8112 1
1904 1
8761 2
5134 2
449 3
448 7
1339 1
1338 3
1335 1
1334 1
1337 1
1336 14
1331 1
1330 1
1333 22
1332 1
6932 2
6933 18
6930 2
6931 6
6936 1
6937 1
6934 2
6935 2
8127 3
8126 2
6938 5
6939 12
8123 1
8122 1
8121 1
8120 2
7706 10
7707 1
39 15
38 1
7702 1
7703 2
7700 1
7701 10
33 24
32 1
31 1
30 5
37 1
36 2
35 32
34 5
1903 1
7514 2
1900 1
8348 3
8343 1
8342 21
8341 4
8340 1
8347 2
8346 1
8345 2
8344 3
3467 87
3466 1
845 5
3464 14
3463 14
3462 3
4079 5
4078 4
4075 3
4074 18
4077 14
4076 2
4071 7
4070 2
4073 1
4072 14
3966 3
3967 8
3964 2
3965 6
3962 14
3963 14
3960 4
3961 5
7510 3
3968 1
3969 8
8894 6
3638 17
3639 6
3636 1
3637 2
3634 8
3635 15
3632 3
3633 6
3630 25
3631 1
3469 2
3468 1
8769 1
5450 1
8768 3
8857 1
4468 3
4469 1
4466 6
4467 1
4464 2
4465 1
4462 1
4463 3
4460 7
4461 31
948 29
949 12
946 1
947 13
944 1
945 7
942 1
943 10
940 1
941 3
2410 3
6327 4
6326 1
6325 1
6324 1
6323 1
6322 2
6321 1
6320 2
6329 1
6328 1
8978 2
8979 5
8970 3
8971 1
8972 1
8973 1
8974 1
8975 2
8976 2
8977 1
6560 1
7139 1
7138 1
4793 16
7131 4
7130 1
7133 1
7132 1
7135 1
7134 1
7137 1
7136 7
1658 1
1659 1
1652 2
1653 36
1650 19
1651 1
1656 18
1657 3
1654 8
1655 1
586 14
5238 3
584 33
585 2
582 1
583 1
580 2
5239 38
588 66
589 6
2839 1
2838 11
2837 12
2836 3
2835 8
2834 1
2833 3
2832 43
2831 8
2830 9
3391 2
3390 18
5405 2
5404 8
5403 1
5402 1
5401 1
5400 5
3399 7
3398 1
5409 1
1439 1
5230 13
5231 3
7688 1
5232 1
4260 1
4261 2
4262 6
1732 2
4264 6
4265 2
4266 1
4267 3
4268 5
4269 14
1734 1
3702 1
5236 1
3703 20
5237 1
1885 20
5548 4
3701 1
5542 1
3706 6
5540 3
5541 8
5546 36
5547 1
5544 7
3707 17
1881 44
8598 1
8599 2
8596 1
8597 2
8594 5
1880 3
8592 5
8593 1
8590 1
8591 1
5890 5
5891 2
5892 9
5893 2
5894 1
5895 2
5896 1
5897 1
5898 3
4668 1
4669 1
2127 3
2126 38
4664 1
8447 1
2128 2
4666 2
4667 1
4660 20
4661 2
4662 1
4663 1
322 16
323 14
320 3
321 4
326 8
327 24
324 1
325 3
9168 1
328 6
329 9
1595 3
6138 3
6139 65
1594 7
6132 5
6133 4
6130 2
6131 1
6136 3
3072 3
6134 1
6135 13
3073 1
1591 8
1590 6
3076 1
3077 3
9207 1
9206 1
3252 1
2248 2
2249 2
2244 7
2245 7
2246 5
2247 3
2240 5
2241 7
2242 4
2243 9
9209 9
9208 1
3401 1
3400 1
3403 3
3402 3
3405 15
3404 1
3407 1
3406 3
3409 15
3408 2
7537 3
4875 3
4874 1
4877 6
4876 2
4871 14
4870 5
4873 3
4872 1
7531 2
4879 12
4878 1
7530 2
2068 7
2069 21
2798 1
2799 3
7533 1
2792 21
2793 13
2790 1
2791 4
2796 2
2797 32
2794 2
2795 5
3256 8
5692 2
5690 4
9401 1
6178 1
8078 2
8786 3
5691 4
9400 1
7096 3
7097 3
7094 1
7095 1
7092 1
7093 1
7090 1
7091 6
7098 1
7099 1
5696 4
4883 1
8105 1
8104 1
1359 12
1358 2
469 7
468 4
8103 1
8102 1
465 33
464 4
467 6
466 1
1357 2
460 15
1355 1
1354 6
6958 6
6959 1
6488 1
6489 3
6482 5
6483 1
6480 11
6481 4
6486 20
6487 2
6484 8
6485 1
4885 1
8214 3
8361 1
8360 1
8363 1
8362 1
8365 2
8364 1
8367 1
8366 26
8369 3
8368 2
9064 1
3184 1
3185 2
3186 8
3187 8
3180 26
3181 3
3182 8
3183 7
3188 27
3189 1
4019 8
4018 47
4013 6
4012 1
4011 33
4010 11
4017 4
4016 3
4015 5
4014 1
5797 1
3988 4
3989 7
3984 15
3985 29
3986 76
3987 1
3980 1
3981 1
3982 7
3983 1
5796 3
1447 14
1446 1
1445 5
289 6
288 1
1444 6
281 5
1443 1
283 6
282 21
285 17
284 5
287 11
1442 1
1441 2
1116 26
3561 8
5793 1
2477 1
2476 10
2475 20
2474 2
2473 1
2472 11
2471 6
2470 32
8548 5
2479 13
2478 2
7874 1
7875 3
7876 1
7877 1
7870 1
7871 1
7872 3
7873 3
7878 3
7879 1
5791 4
6309 3
6308 8
6305 1
6304 1
6307 1
6306 9
6301 3
6300 2
6303 1
6302 1
7695 1
9319 8
9318 3
9317 1
9316 1
9315 1
9314 1
9313 1
9312 2
9311 1
9310 1
8956 1
8957 1
8954 1
8955 2
8952 1
8953 1
8950 5
8951 4
8958 5
8959 1
8544 3
2907 3
2906 26
1986 2
3215 2
3216 20
1985 45
3210 7
3211 4
3212 2
3213 4
1638 1
2134 45
2904 2
3218 14
3219 13
1988 5
1989 5
2909 1
2815 1
2814 3
2817 1
707 1
2811 2
2810 15
2813 9
2812 12
560 5
561 16
562 8
563 31
2819 2
2818 1
566 2
567 1
5429 12
5428 1
3379 1
3378 3
5425 1
5424 4
5427 1
5426 4
3373 13
5420 2
5423 5
5422 1
6686 6
4248 3
4249 1
4246 28
4247 2
4244 1
4245 2
4242 1
4243 3
4240 2
4241 7
5520 6
5521 2
5522 1
5523 1
5524 1
5525 1
5526 17
5527 1
5528 2
5529 1
48 4
49 1
46 9
47 31
44 45
45 1
42 1
43 3
40 16
41 28
8542 1
4848 2
6547 1
6546 29
6545 6
6544 14
6543 1
6542 2
6541 9
6540 2
6549 3
6548 34
5310 1
7841 1
344 1
345 1
346 29
347 10
340 13
341 17
342 5
343 22
348 35
349 4
7519 43
7518 22
6150 2
6151 3
6152 1
6153 1
6154 25
2132 3
6156 1
6157 12
6158 1
6159 1
8307 2
8306 1
8305 1
4831 20
8304 8
4526 1
3237 1
4833 17
8302 2
4524 2
8301 17
4835 1
8300 9
4834 3
4837 3
8758 1
4836 12
8759 3
4784 3
8208 1
8209 1
8754 1
2268 9
2269 4
8755 1
2262 15
2263 31
2260 2
2261 2
2266 2
2267 16
2264 1
2265 1
8205 3
9438 2
8750 1
9439 1
8751 4
8752 1
8753 6
9434 1
8303 1
2046 26
2047 4
2044 1
2045 1
2042 57
2043 7
2040 5
2041 22
4819 4
4818 1
2048 2
2049 3
9410 2
9411 1
9412 2
9413 1
9414 2
9415 1
9416 3
9417 1
9418 1
9419 2
8230 1
7629 1
8237 6
8236 3
8235 1
8682 1
8234 2
1365 15
7078 1
7079 1
7074 1
7075 1
7076 4
7077 24
7070 5
7071 2
7072 1
7073 3
8683 1
6976 3
6977 1
6974 3
6975 5
6972 10
6973 1
6970 6
6971 7
8169 4
8168 1
6978 1
6979 1
8680 2
8681 7
8389 1
8388 2
8387 1
8386 2
8385 1
8384 1
8383 1
8382 1
8381 4
8380 1
8686 3
4389 1
4388 3
4383 1
4382 1
4381 3
4380 1
4387 1
4386 24
4385 3
4384 2
407 5
406 7
405 36
1372 18
1375 1
1374 12
1377 19
400 1
1379 2
1378 3
409 1
408 3
8684 1
4031 8
4030 1
4033 2
4032 6
4035 11
4034 2
4037 7
4036 1
4039 34
4038 1
8173 5
8685 2
8174 2
5498 1
5499 2
2459 3
2458 2
2455 8
2454 1
2457 3
2456 38
2451 15
2450 4
2453 1
2452 1
7852 66
7853 2
7850 6
7851 1
7856 6
7857 1
7854 1
7855 11
7858 1
7859 1
656 8
657 6
654 17
6369 2
655 2
6363 8
3089 5
6361 3
6360 5
6367 5
6366 24
6365 1
3088 11
9335 3
9292 2
9337 1
9336 2
9331 1
650 66
9333 1
9293 3
651 18
9339 1
9290 1
4982 4
9291 3
9296 1
1508 10
9297 8
1509 2
9294 1
5496 3
9295 3
1601 1
658 30
1600 8
3082 2
1603 49
3226 5
5497 15
1605 3
1604 10
1607 23
1606 1
3232 2
3233 1
3230 1
3231 28
1968 10
1969 2
1618 6
1619 41
1616 2
1617 6
3238 5
3239 13
1612 5
1613 17
1610 1
1611 2
2873 1
2872 9
2871 49
2870 5
2877 1
2876 38
2875 1
2874 36
2879 5
2878 3
3355 4
3354 2
3357 2
3356 1
3351 1
3350 3
3353 9
3352 4
3359 7
3358 9
5449 4
5448 5
5443 1
5442 4
5441 4
5440 3
5447 23
5446 3
5445 1
5444 1
5493 1
5508 7
5509 2
5506 2
5507 2
5504 1
5505 1
5502 7
5503 1
5500 2
5501 4
542 1
543 5
540 1
541 1
546 1
547 3
544 3
545 4
548 3
549 1
6155 1
5476 5
6569 3
6568 1
5477 3
6565 1
6564 4
6567 1
6566 1
6561 1
5474 1
6563 2
6562 3
7687 45
7686 1
7685 2
5475 10
7683 4
7682 2
7681 1
7680 1
5472 5
5136 1
7689 6
5473 1
3827 6
3826 2
3825 15
3824 2
3823 1
3822 12
3821 1
3820 1
5471 1
5001 2
3829 7
3828 1
8444 3
8445 18
8446 1
5000 1
8440 1
8441 2
8442 1
8443 1
5007 1
8448 1
8449 1
5006 1
5005 5
5004 2
7539 8
7538 1
368 15
369 24
366 1
367 37
364 1
365 9
362 4
363 11
360 5
361 1
5008 2
1945 4
9158 2
5133 6
6179 5
6176 5
6177 13
6174 1
6175 9
6172 2
6173 6
6170 1
6171 14
7052 1
6511 4
9237 2
3217 3
7902 1
2200 2
2201 3
2202 1
2203 10
2204 3
2205 1
2206 13
2207 6
2208 7
2209 54
4428 1
4429 1
4839 4
4838 2
4529 3
4528 1
4527 1
4830 4
4525 7
4832 2
4523 6
4522 26
4521 1
4520 1
7993 6
7992 1
7991 1
7990 1
7997 1
7996 1
7995 23
7994 1
9436 1
9437 4
7999 6
7998 17
9432 1
4420 1
9430 1
9431 1
4421 1
5298 4
5299 2
5296 1
5297 13
5294 2
5295 10
5292 3
5293 3
5290 1
5291 2
8141 1
8140 1
8143 1
8142 2
8145 1
8144 8
8147 5
8146 1
7337 1
7336 5
7335 13
7334 4
7333 7
7332 1
7331 1
7330 7
9298 1
9299 3
7339 1
7338 1
5510 3
7058 1
7059 1
5697 1
7053 1
7050 3
7051 1
7056 2
7057 4
7054 13
7055 17
9026 7
5516 3
8149 16
8148 1
6998 3
6999 1
8639 1
8638 1
6994 1
6995 2
6996 1
6997 1
6990 2
6991 1
6992 1
6993 5
2998 1
2999 9
59 2
58 1
55 3
54 8
57 1
56 4
51 3
50 2
53 35
52 55
2990 4
2991 31
2992 1
2993 3
2994 4
2995 2
2996 6
9372 1
2997 1
429 17
428 1
1399 4
1398 1
421 1
420 47
423 13
422 3
425 2
424 1
427 14
426 1
854 2
855 2
856 2
857 6
850 8
851 4
852 4
853 10
1422 1
8259 2
1425 11
8258 1
2330 16
1424 2
2331 1
2332 12
2333 2
2334 8
2335 14
2336 5
4713 2
6699 2
6698 2
6693 10
6692 1
6691 1
6690 1
6697 37
6696 27
6695 2
6694 2
2439 43
2438 46
2433 10
2432 10
2431 8
2430 1
2437 1
2436 3
2435 2
2434 3
7838 1
7839 18
9397 1
7830 4
7831 1
7832 1
7833 2
7834 1
7835 1
7836 1
7837 1
6341 2
6340 1
6343 1
6342 10
6345 1
6344 1
6347 3
6346 7
6349 3
6348 2
9353 1
9352 5
9351 1
9350 1
9357 1
9356 4
9355 2
9354 5
5470 1
9358 1
3782 1
1806 4
1805 45
3781 1
1803 4
3787 3
3784 1
1800 5
8992 1
8993 2
3788 1
3789 17
8996 1
8997 1
1809 6
1808 14
4996 1
4997 3
4994 21
4995 1
4992 2
4993 13
4990 3
4991 4
4998 2
4999 5
1547 5
6517 2
3258 1
3259 1
1948 2
1949 3
1942 1
1943 36
1940 5
1941 9
1946 1
1947 8
1944 9
3257 2
2859 3
2858 36
2851 1
2850 22
2853 4
2852 2
2855 3
2854 1
2857 2
2856 2
5461 1
5460 11
1492 4
1493 16
1494 1
1495 38
1496 1
1396 18
1498 8
1499 1
3339 10
3338 2
1395 9
1394 6
1393 19
1392 13
1391 53
1390 7
524 1
525 18
526 7
527 24
520 2
521 4
522 14
523 5
8930 2
528 14
529 6
1234 22
1235 8
1236 1
1237 1
1230 3
1231 13
1232 15
1233 2
1238 5
1239 9
8286 5
8287 2
8284 1
1964 3
8282 3
8283 1
8280 3
8281 2
8288 1
8289 1
6509 11
6508 1
2488 3
6503 5
6502 1
6501 1
2489 2
6507 8
6506 1
6505 1
6504 2
9359 2
4677 2
4900 1
4675 22
2485 38
3809 1
3808 15
3805 8
3804 1
3807 1
3806 3
3801 60
3800 3
3803 20
3802 13
8462 2
8463 2
8460 1
8461 1
8466 3
4907 13
8464 1
8465 19
8468 8
2481 23
1967 51
7559 1
7558 1
7553 1
7552 1
7551 1
7550 6
7557 1
7556 1
7555 1
7554 1
4174 8
4175 1
4176 3
4177 20
4170 9
4171 2
4172 4
4173 4
1961 4
4178 1
4179 1
7395 8
1962 13
7397 8
7396 4
7391 1
7390 1
7393 10
2228 1
2229 5
2226 28
2227 1
2224 12
2225 16
2222 21
2223 2
2220 1
2221 10
1 22
5925 1
5926 2
5927 6
5920 10
5921 1
5922 1
5923 1
5928 1
5929 18
7399 1
8113 2
7398 1
4505 14
4504 2
4507 1
4506 1
4501 4
4500 4
4503 6
4502 1
4509 1
4508 2
2088 4
2089 1
2082 7
2083 5
2080 6
2081 13
2086 3
2087 1
2084 2
2085 4
9005 6
9133 2
9132 1
7319 1
7318 3
7315 1
7314 16
7317 6
7316 1
7311 2
7310 8
7313 3
7312 1
9130 1
7030 5
7031 1
7032 5
7033 1
7034 1
7035 21
7036 32
7037 2
7038 1
7039 2
9018 2
9019 1
9137 1
9136 3
7788 1
7789 4
7786 3
7787 2
7784 6
7785 8
7782 5
7783 1
7780 3
7781 1
9135 1
1009 65
1008 7
1007 1
1006 21
1005 15
1004 39
1003 3
1002 5
1001 23
1000 2
9134 1
4349 5
4348 4
4347 4
4346 10
4345 1
4344 8
4343 21
4342 1
4341 1
4340 6
8615 1
8614 1
8617 8
8616 2
8611 4
8610 1
8613 1
8612 1
8619 1
8618 9
8014 1
5719 4
5718 51
5717 7
5716 1
5715 3
5714 23
5713 2
5712 2
5711 22
5710 1
9271 2
9272 2
9273 2
9274 1
3575 1
5091 1
3577 9
9275 9
7816 4
7817 19
7814 1
3576 12
7812 1
7813 1
7810 6
7811 1
3571 1
7818 2
3570 3
3573 1
3572 15
9276 4
2666 49
2667 2
2664 3
2665 1
2662 2
9277 1
2663 14
9379 1
9378 1
2660 23
9371 1
9370 4
9373 1
2661 16
9375 1
9374 1
9377 1
9376 3
1829 39
1828 10
1825 11
1824 6
1827 6
1826 43
1821 2
1820 4
1823 1
1822 9
2147 1
2146 3
2413 12
2412 10
4978 2
4979 21
2417 5
2140 7
4974 1
2418 1
4976 1
4977 60
4970 1
4971 1
4972 2
4973 1
1920 17
1921 2
3274 9
3275 30
3272 1
1925 3
3270 2
3271 6
1928 1
1929 3
3278 4
3279 1
5586 1
2935 1
5587 3
5584 1
3319 4
3318 6
5585 26
5489 1
5488 9
3311 15
3310 4
3313 1
3312 7
3315 6
3314 2
3317 35
3316 39
5580 6
5581 4
7515 1
60 15
61 2
62 3
63 16
64 13
65 6
66 1
67 4
68 5
69 8
508 1
509 7
506 1
507 10
504 2
505 2
502 4
503 4
500 6
501 14
1212 6
1213 5
1210 31
633 19
1216 14
1217 1
636 1
637 11
638 1
639 2
1218 26
1219 32
6521 1
6520 1
6523 8
6522 4
6525 13
6524 3
6527 1
6526 1
6529 2
6528 5
8266 1
8267 1
8260 1
8261 3
8262 3
8263 1
8276 1
3869 21
3868 1
3863 1
3862 10
3861 2
3860 2
3867 1
3866 1
3865 13
3864 1
8408 1
8409 7
8400 3
8401 3
8402 3
8403 1
8404 1
8405 8
8406 1
8407 10
7571 1
7570 4
7573 1
7572 8
7575 1
7574 12
7577 1
7576 2
7579 2
7578 1
8814 4
4152 1
4153 8
4150 11
4151 4
4156 1
4157 19
4154 1
4155 3
4158 5
4159 15
8336 3
8334 1
8218 2
8335 1
8138 1
8338 2
8339 1
8748 3
5902 8
5903 1
5900 3
5901 1
5906 3
5907 3
5904 3
5905 1
5908 4
5909 1
8745 1
3489 1
3488 1
8744 1
3481 1
3480 7
3483 4
3482 27
3485 19
3484 1
3487 2
3486 3
4563 6
4562 1
4561 27
4560 29
4567 2
4566 28
4565 15
4564 6
4569 1
4568 6
6553 4
9190 4
6064 1
6065 2
6066 1
6067 6
6060 1
6061 1
6062 3
6063 13
6068 13
6069 1
2604 1
2605 1
2606 2
2607 24
2600 1
2601 1
2602 35
2603 1
2608 1
2609 4
5451 20
7379 12
7378 3
7373 9
7372 1
7371 1
7370 2
7377 1
7376 4
7375 2
7374 4
9032 5
9033 1
9030 1
9031 1
9036 1
9037 2
7018 3
7019 1
7016 1
7017 19
7014 3
7015 1
7012 1
5453 2
7010 1
7011 39
732 3
5454 23
8132 1
753 28
1807 1
751 11
750 2
757 59
756 1
755 4
754 2
9157 1
759 1
758 9
3780 2
1804 10
2958 105
2959 1
738 11
2954 17
5455 7
2956 7
2957 4
2950 3
2951 3
2952 2
1802 12
1025 1
1024 2
1027 2
5347 20
5340 1
1801 7
5342 1
1022 5
3785 3
1029 1
1028 27
5456 1
8990 1
4365 1
4364 5
4367 1
4366 3
4361 4
4360 2
4363 2
4362 1
4369 1
4368 3
5457 2
8995 1
3108 21
3109 7
3104 93
3105 2
3106 1
3107 3
3100 3
3101 2
3102 2
3103 5
8673 1
8672 4
8671 1
8670 14
5 10
8676 4
8675 3
8674 4
8679 3
8678 3
4093 2
4092 10
4091 2
4090 6
4097 1
4096 83
4095 4
4094 1
4099 1
4098 5
5735 2
5734 14
5737 1
5736 2
5731 3
5730 2
5733 1
5732 11
5739 2
5738 1
8097 1
8096 1
8095 2
8094 1
8093 2
8092 1
8091 1
8090 1
8099 1
8098 1
8898 1
6659 1
6658 5
6657 3
6656 1
6655 1
6654 2
6653 2
6652 1
6651 5
6650 11
9159 1
6385 3
6384 1
6387 1
6386 2
6381 12
6380 1
6383 2
6382 2
6389 2
6388 7
2381 1
2380 3
2383 55
2382 14
2385 9
2384 14
2387 3
2386 5
2389 1
2388 7
9289 1
9288 3
1849 6
1848 2
1843 4
1842 1
1841 2
1840 26
1847 17
1846 1
1845 1
1844 21
3250 15
4958 2
4959 31
2169 2
2168 35
3251 1
4952 1
4953 2
4950 2
4951 1
4956 3
4957 3
4954 4
2162 2
3253 2
2129 2
3254 18
3255 2
3298 3
3299 13
5139 2
5138 1
5137 17
3295 9
5135 5
3297 1
3290 3
5132 2
3292 5
5130 1
6891 1
6890 3
6893 3
6892 5
6895 2
6894 1
6897 2
6896 1
6899 2
6898 4
1735 2
1278 2
1279 4
618 3
619 5
1270 18
1271 1
1272 6
611 7
616 1
617 2
1276 2
1277 2
8798 1
8799 2
8248 1
8249 5
8242 11
8243 1
8240 1
8241 3
8246 1
8247 1
8244 1
8245 12
1490 5
3332 1
3331 1
3330 5
3337 1
3336 1
8426 8
8427 2
8424 1
8425 1
8422 3
3335 7
8420 1
8421 1
3334 7
8428 2
8429 1
5469 9
9123 1
5468 1
9125 3
3595 1
7599 1
7598 1
7597 5
7596 4
7595 1
5039 1
7593 1
7592 4
7591 10
7590 1
9129 2
3599 2
3598 1
4138 1
4139 1
4130 7
4131 5
4132 49
4133 10
4134 1
4135 65
4136 4
4137 12
3841 5
3840 3
3843 3
3842 2
3845 2
3844 7
3847 7
3846 3
3849 2
3848 2
5698 4
5699 2
7912 2
7910 1
5968 2
5969 2
5960 7
5961 1
5962 1
5963 9
5964 1
5965 1
5966 3
5967 1
4549 1
4548 15
4541 9
4540 3
4543 1
4542 1
4545 1
4544 1
4547 25
4546 1
1073 3
2594 7
2595 1
2596 28
2597 2
2590 6
2591 6
2592 1
2593 1
2598 5
2599 8
1070 3
6042 4
6043 1
6040 2
1343 25
6046 23
6047 12
6044 5
6045 1
6048 3
6049 1
8600 2
2622 1
2623 16
2620 3
2621 1
2626 4
2627 4
2624 1
2625 2
8606 3
2628 2
2629 19
8607 1
7351 1
7350 2
7353 5
7352 1
7355 2
7354 8
7357 3
7356 1
7359 1
7358 3
9236 1
8605 5
9230 4
9231 1
9232 2
9233 1
8204 1
9058 1
9059 1
9050 1
9051 6
9052 7
9053 1
9054 2
9055 7
9056 1
9057 35
775 2
774 12
777 3
776 3
771 3
770 2
773 5
772 4
779 1
778 7
77 7
76 10
75 2
74 31
73 4
72 1
71 10
70 1
2972 1
2973 5
2970 1
2971 1
2976 1
2977 2
79 14
78 11
1043 1
5363 1
1041 6
1040 3
1047 2
1046 12
1045 5
1044 30
1049 7
1048 6
4303 26
4302 1
4301 18
4300 1
4307 7
4306 1
4305 1
4304 1
4309 7
4308 8
3128 5
3129 55
3122 12
3123 1
3120 2
3121 2
3126 2
3127 1
3124 4
3125 5
8659 1
8658 5
8651 1
8650 16
8653 2
8652 1
8655 9
8654 5
8657 1
8656 1
5753 1
5752 1
5751 2
5750 4
5757 1
5756 43
5755 7
5754 2
5759 1
5199 1
3445 33
4609 4
3444 1
3447 9
862 5
865 37
864 45
3443 1
3442 1
2756 2
2757 11
2754 1
7434 11
7435 4
7436 2
2755 1
7430 1
7431 16
7432 9
7433 1
2752 2
7438 43
7439 1
2753 1
2323 1
2750 1
2322 27
2023 4
4604 1
2321 6
6675 7
6674 31
6677 1
2320 12
6671 2
6670 1
6673 1
6672 1
2327 37
6679 1
6678 3
2326 1
4701 1
2324 7
8285 1
5197 3
4708 2
5196 2
2369 2
2368 2
2367 3
2366 6
2365 7
2364 3
2363 6
2362 2
2361 3
2360 1
5191 1
1861 3
1860 3
1863 1
1862 5
1865 5
3729 3
1867 2
1866 1
3724 7
3725 7
3726 2
3727 28
3720 13
3721 1
3722 4
3723 4
4686 1
4687 1
4684 2
4685 27
4682 5
4683 1
4936 1
4937 1
4938 1
4939 2
4688 6
4689 1
2109 2
2108 4
2103 1
2102 26
2101 3
2100 51
2107 7
2106 1
2105 1
2104 4
5115 2
5114 6
5117 11
5116 4
5111 30
5110 4
5113 1
5112 4
5119 1
5118 1
1717 5
5192 1
9 1
890 13
891 1
892 4
893 2
894 4
895 3
896 9
897 6
898 6
899 1
1788 6
1789 1
1780 20
1781 3
1782 2
1783 7
1784 1
1785 9
1786 1
1787 1
6879 3
6878 1
6877 3
6876 2
6875 1
6874 2
6873 1
6872 3
6871 1
6870 4
8220 1
8221 1
8222 1
8223 3
678 6
679 1
8226 5
8227 1
674 8
675 1
676 1
677 8
670 1
671 11
672 33
673 3
7609 1
7608 1
7607 5
7606 1
7605 6
7604 3
7603 1
7602 5
7601 1
7600 1
2491 13
2490 2
9179 1
2493 4
8467 1
2492 25
2495 1
1965 2
2494 2
2497 8
9178 1
2496 2
8469 1
1524 10
1525 16
1526 24
1527 1
1252 2
1521 4
1522 1
1523 1
1528 26
1529 1
1258 2
1259 4
4116 4
4117 26
4114 1
4115 11
4112 15
4113 1
4110 5
4111 8
4118 1
4119 7
7895 8
7103 2
9175 4
3340 1
9261 1
9260 2
7109 1
3341 5
5946 2
5947 24
5944 3
5945 4
1966 4
5943 7
5940 13
5941 1
5948 2
5949 9
9269 1
9268 1
6028 2
6029 13
6020 14
6021 3
6022 8
6023 50
6024 1
6025 30
6026 1
6027 1
2648 1
2649 4
2640 2
2641 2
2642 2
2643 1
2644 2
2645 12
2646 1
2647 2
9218 1
9219 1
9212 1
9213 1
9210 3
9211 1
9216 1
9217 6
9214 1
9215 1
9234 1
9076 1
9077 2
9074 1
9075 3
9072 1
9073 1
9070 2
9071 6
9078 4
9079 5
3557 8
3556 6
3555 58
3554 17
3553 1
3552 2
3551 4
3550 4
3559 1
3558 1
2910 7
2911 3
2912 15
2913 14
2914 39
2915 1
719 6
2917 1
2918 12
2919 2
715 25
714 1
713 16
712 1
711 14
710 3
5308 2
5309 6
5300 1
5301 1
5302 4
5303 1
5304 9
5305 3
5306 1
5307 4
6956 1
4329 1
4328 2
4321 1
4320 2
4323 1
4322 2
4325 3
4324 1
4327 2
4326 4
3140 6
3141 8
3142 12
3143 1
3144 4
3145 22
3146 1
3147 2
3148 1
3149 3
1630 4
9156 16
5779 1
5778 1
5771 1
5770 3
5773 3
5772 1
5775 6
1631 4
5777 1
5776 1
9010 1
1632 2
1633 4
7412 4
7413 1
7410 3
7411 1
7416 1
7417 1
7414 1
1634 8
7418 5
7419 1
6613 1
6612 1
6611 1
6610 1
6617 1
1635 2
6615 1
6614 1
6619 1
6618 1
3500 19
1636 1
3501 1
3502 7
3503 1
3504 1
9011 1
3505 11
1637 1
3506 7
3507 49
2345 18
2344 2
2347 1
2346 1
2341 2
2340 12
2343 1
2342 4
2349 66
2348 1
2067 1
3708 8
3709 36
1889 1
1888 18
1887 15
1886 9
3700 1
1884 1
1883 15
1882 2
3704 11
3705 19
2121 21
2120 16
2123 3
2122 12
2125 2
2124 2
4918 1
4919 6
4916 6
4917 10
4914 1
4915 3
4912 1
4913 1
4910 1
4911 2
6917 25
6910 4
6911 6
5173 5
5172 2
5171 7
5170 1
5177 13
5176 5
5175 1
5174 2
5179 7
5178 20
133 31
132 16
131 14
130 45
137 10
136 1
135 9
134 4
139 1
138 1
5924 1
7254 1
7255 3
7256 1
7257 10
7250 1
7251 1
7252 4
7253 1
7258 1
7259 26
6855 1
6854 22
6857 2
6856 1
6851 1
6850 9
6853 1
6852 10
6859 2
6858 1
5339 7
88 29
89 18
82 22
83 1
80 5
81 11
86 21
87 1
84 16
85 1
9191 1
8804 1
8805 13
8806 1
8807 3
8800 2
8801 5
8802 2
8803 1
8808 1
8809 3
6583 2
6582 6
6581 1
6580 1
6587 14
6586 1
6585 7
6584 1
8206 1
8207 1
6589 4
6588 1
8202 3
8203 1
8200 10
8201 1
7625 1
7624 12
7627 1
7626 1
7621 20
7620 1
7623 1
7622 5
7128 1
7628 6
9193 1
7828 1
9192 4
8994 1
7822 2
9195 1
3368 10
1502 2
1503 29
1500 1
1501 2
1506 18
1507 4
1504 7
1505 13
3085 28
3084 4
3087 2
3086 1
3081 5
3080 4
3083 52
659 1
3369 2
9197 1
3885 11
3884 1
3887 2
3886 2
3881 6
3880 2
3883 1
3882 4
3889 3
3888 15
9196 1
2484 55
8325 1
8324 2
8327 1
8326 3
8321 1
7123 3
8320 6
8323 1
8322 4
1291 28
1296 84
6006 1
6007 2
6004 3
6005 1
6002 1
6003 2
6000 3
6001 1
1297 2
6008 2
6009 1
995 7
994 6
997 5
996 1
991 24
990 1
993 7
992 2
9278 1
9279 1
999 1
998 15
9098 1
9099 8
9094 4
9095 1
9096 1
9097 1
9090 1
9091 1
9092 4
9093 16
5098 1
5099 2
3579 8
3578 8
5090 9
3574 1
5092 6
5093 45
5094 5
5095 1
5096 2
5097 1
4497 8
4496 3
4495 1
4494 2
4493 1
4492 1
4491 1
4490 17
4499 3
4498 1
2938 9
2939 6
2936 12
2937 1
2934 56
1397 6
2932 17
2933 2
2930 1
2931 1
5326 2
5327 2
5324 1
5325 1
5322 1
5323 6
5320 1
5321 41
3799 30
5328 1
5329 2
3797 1
1839 5
2161 3
3168 15
3169 4
3166 6
3167 6
3164 3
3165 21
3162 1
3163 10
3160 8
3161 5
2154 8
2155 1
2404 3
731 7
730 1
733 1
2405 27
735 1
734 1
737 10
736 12
739 1
2402 1
2151 7
4987 1
2401 3
2006 12
1274 25
8567 3
8566 2
8565 1
8564 1
8563 5
8562 1
8561 33
8560 1
8569 1
8568 1
7478 1
7479 1
7470 1
7471 3
7472 1
7473 1
7474 5
7475 1
7476 1
7477 1
6639 1
6638 1
6631 7
6630 1
6633 1
6632 1
6635 6
6634 2
6637 2
6636 2
4707 9
4706 6
4705 1
4704 3
4703 2
4702 2
2325 4
4700 1
2329 7
2328 4
4709 8
2009 10
3760 3
3761 3
3762 4
3763 1
3764 16
3765 2
3766 1
3767 3
3768 2
3769 5
1292 2
1792 2
1293 4
1290 1
2499 14
2498 37
4648 1
4649 2
4642 1
4643 6
4640 8
4641 2
4646 3
4647 4
4644 2
4645 3
1294 2
7898 1
7899 3
7896 1
7897 1
7894 17
1295 13
7892 1
7893 1
7890 1
7891 1
5159 2
5158 1
5151 1
5150 1
5153 1
5152 1
5155 1
5154 3
5157 3
5156 2
115 13
114 1
117 4
116 18
111 17
110 30
113 1
112 1
3244 1
119 2
118 3
8932 4
7272 8
7273 6
7270 8
7271 5
7276 1
7277 1
7274 3
7275 1
7278 3
7279 2
8551 1
8556 1
8557 1
6833 1
6832 1
6831 1
6830 1
6837 1
6836 2
6835 4
6834 2
6839 1
6838 5
8005 1
8558 3
8559 1
8822 1
8823 2
8820 1
8821 1
8826 1
8827 1
8824 2
8825 4
8828 2
8003 1
8778 3
8779 1
8772 1
8773 1
8770 2
8771 2
8776 9
8777 19
8774 3
8775 1
7643 23
7642 2
7641 6
7640 2
7647 1
7646 2
7645 9
7644 2
7649 1
7648 1
9014 2
9015 2
9016 8
9017 9
1748 57
1749 4
1744 15
1745 5
1746 21
1747 4
1740 4
1741 4
1742 1
1743 3
7926 1
3308 5
7927 2
3309 1
7924 1
5494 6
7925 30
5495 1
7922 14
3304 1
7923 1
3305 2
7920 2
5490 2
7921 4
5491 1
1568 2
1569 4
1298 1
1299 1
5492 1
1560 4
1561 8
1562 13
1563 16
1564 2
1565 1
1566 2
1567 1
7462 1
7460 5
5638 2
5639 1
5634 1
5635 24
5636 12
5637 1
5630 1
5631 16
5632 2
5633 1
8480 1
8481 2
8482 19
8483 2
8484 1
8485 1
8486 2
8487 1
8488 1
8489 1
7464 3
